uuid,label,pose,accessories,gender
7ythahgt-7yhs-8wus-7tyh-17yhstgy73ia,real,profile,none,female
78uhgty6-3ygh-8ytf-g7ug-764gty8jut5y,real,frontal,hat,male
7ythahgt-7yhs-8wus-7tyh-17yhstgy73ia,real,profile,none,female
7ythahgt-7yhs-8wus-7tyh-17yhstgy73ia,real,profile,none,female
9yuawnhu-9ush-6ayh-5shy-9iueg7yh2ian,fake,frontal,facemask,non-binary
78uhgty6-3ygh-8ytf-g7ug-764gty8jut5y,real,frontal,hat,male
9yuawnhu-9ush-6ayh-5shy-9iueg7yh2ian,fake,frontal,facemask,non-binary
9yuawnhu-9ush-6ayh-5shy-9iueg7yh2ian,fake,frontal,facemask,non-binary
7ythahgt-7yhs-8wus-7tyh-17yhstgy73ia,real,profile,none,female
9yuawnhu-9ush-6ayh-5shy-9iueg7yh2ian,fake,frontal,facemask,non-binary
7ythahgt-7yhs-8wus-7tyh-17yhstgy73ia,real,frontal,hat,male
9yuawnhu-9ush-6ayh-5shy-9iueg7yh2ian,fake,frontal,facemask,non-binary
78uhgty6-3ygh-8ytf-g7ug-764gty8jut5y,real,frontal,facemask,male
7ythahgt-7yhs-8wus-7tyh-17yhstgy73ia,real,profile,none,female
7ythahgt-7yhs-8wus-7tyh-17yhstgy73ia,real,profile,none,female
7ythahgt-7yhs-8wus-7tyh-17yhstgy73ia,real,profile,none,female
9yuawnhu-9ush-6ayh-5shy-9iueg7yh2ian,fake,frontal,facemask,non-binary
9yuawnhu-9ush-6ayh-5shy-9iueg7yh2ian,fake,frontal,facemask,non-binary
78uhgty6-3ygh-8ytf-g7ug-764gty8jut5y,real,frontal,hat,male
7ythahgt-7yhs-8wus-7tyh-17yhstgy73ia,real,profile,none,female
9yuawnhu-9ush-6ayh-5shy-9iueg7yh2ian,fake,frontal,facemask,non-binary
78uhgty6-3ygh-8ytf-g7ug-764gty8jut5y,real,frontal,hat,male
9yuawnhu-9ush-6ayh-5shy-9iueg7yh2ian,fake,frontal,facemask,non-binary
78uhgty6-3ygh-8ytf-g7ug-764gty8jut5y,real,frontal,hat,male
7ythahgt-7yhs-8wus-7tyh-17yhstgy73ia,real,profile,none,female
78uhgty6-3ygh-8ytf-g7ug-764gty8jut5y,real,profile,none,female
78uhgty6-3ygh-8ytf-g7ug-764gty8jut5y,real,frontal,hat,male
78uhgty6-3ygh-8ytf-g7ug-764gty8jut5y,real,frontal,hat,male
9yuawnhu-9ush-6ayh-5shy-9iueg7yh2ian,real,frontal,hat,male
7ythahgt-7yhs-8wus-7tyh-17yhstgy73ia,real,profile,none,female
7ythahgt-7yhs-8wus-7tyh-17yhstgy73ia,real,profile,none,female
78uhgty6-3ygh-8ytf-g7ug-764gty8jut5y,real,frontal,hat,male
78uhgty6-3ygh-8ytf-g7ug-764gty8jut5y,real,frontal,hat,male
78uhgty6-3ygh-8ytf-g7ug-764gty8jut5y,real,frontal,hat,male
78uhgty6-3ygh-8ytf-g7ug-764gty8jut5y,real,frontal,hat,male
78uhgty6-3ygh-8ytf-g7ug-764gty8jut5y,real,frontal,hat,male
9yuawnhu-9ush-6ayh-5shy-9iueg7yh2ian,fake,frontal,facemask,non-binary
7ythahgt-7yhs-8wus-7tyh-17yhstgy73ia,real,profile,none,female
7ythahgt-7yhs-8wus-7tyh-17yhstgy73ia,real,profile,none,female
78uhgty6-3ygh-8ytf-g7ug-764gty8jut5y,real,frontal,facemask,non-binary
7ythahgt-7yhs-8wus-7tyh-17yhstgy73ia,real,profile,hat,male
7ythahgt-7yhs-8wus-7tyh-17yhstgy73ia,real,profile,none,female
9yuawnhu-9ush-6ayh-5shy-9iueg7yh2ian,fake,frontal,facemask,non-binary
9yuawnhu-9ush-6ayh-5shy-9iueg7yh2ian,fake,frontal,facemask,non-binary
9yuawnhu-9ush-6ayh-5shy-9iueg7yh2ian,fake,frontal,facemask,non-binary
9yuawnhu-9ush-6ayh-5shy-9iueg7yh2ian,fake,frontal,facemask,non-binary
7ythahgt-7yhs-8wus-7tyh-17yhstgy73ia,real,profile,none,female
7ythahgt-7yhs-8wus-7tyh-17yhstgy73ia,real,profile,none,female
78uhgty6-3ygh-8ytf-g7ug-764gty8jut5y,real,frontal,hat,male
7ythahgt-7yhs-8wus-7tyh-17yhstgy73ia,real,profile,none,female
7ythahgt-7yhs-8wus-7tyh-17yhstgy73ia,real,frontal,none,non-binary
78uhgty6-3ygh-8ytf-g7ug-764gty8jut5y,real,frontal,hat,male
78uhgty6-3ygh-8ytf-g7ug-764gty8jut5y,fake,frontal,facemask,non-binary
7ythahgt-7yhs-8wus-7tyh-17yhstgy73ia,real,profile,none,female
78uhgty6-3ygh-8ytf-g7ug-764gty8jut5y,real,frontal,hat,male
78uhgty6-3ygh-8ytf-g7ug-764gty8jut5y,real,frontal,hat,male
9yuawnhu-9ush-6ayh-5shy-9iueg7yh2ian,fake,frontal,facemask,non-binary
78uhgty6-3ygh-8ytf-g7ug-764gty8jut5y,real,frontal,hat,female
78uhgty6-3ygh-8ytf-g7ug-764gty8jut5y,real,frontal,hat,male
7ythahgt-7yhs-8wus-7tyh-17yhstgy73ia,real,profile,none,female
9yuawnhu-9ush-6ayh-5shy-9iueg7yh2ian,fake,frontal,facemask,non-binary
7ythahgt-7yhs-8wus-7tyh-17yhstgy73ia,real,profile,none,female
7ythahgt-7yhs-8wus-7tyh-17yhstgy73ia,real,profile,none,female
9yuawnhu-9ush-6ayh-5shy-9iueg7yh2ian,fake,frontal,facemask,non-binary
78uhgty6-3ygh-8ytf-g7ug-764gty8jut5y,real,frontal,hat,male
7ythahgt-7yhs-8wus-7tyh-17yhstgy73ia,real,profile,none,female
9yuawnhu-9ush-6ayh-5shy-9iueg7yh2ian,fake,frontal,facemask,non-binary
78uhgty6-3ygh-8ytf-g7ug-764gty8jut5y,real,frontal,hat,male
78uhgty6-3ygh-8ytf-g7ug-764gty8jut5y,real,frontal,hat,male
78uhgty6-3ygh-8ytf-g7ug-764gty8jut5y,real,profile,hat,female
78uhgty6-3ygh-8ytf-g7ug-764gty8jut5y,real,frontal,hat,male
9yuawnhu-9ush-6ayh-5shy-9iueg7yh2ian,fake,frontal,facemask,non-binary
7ythahgt-7yhs-8wus-7tyh-17yhstgy73ia,real,profile,none,female
7ythahgt-7yhs-8wus-7tyh-17yhstgy73ia,real,profile,none,female
9yuawnhu-9ush-6ayh-5shy-9iueg7yh2ian,real,frontal,facemask,male
7ythahgt-7yhs-8wus-7tyh-17yhstgy73ia,real,profile,none,female
78uhgty6-3ygh-8ytf-g7ug-764gty8jut5y,real,frontal,hat,male
7ythahgt-7yhs-8wus-7tyh-17yhstgy73ia,real,profile,none,female
78uhgty6-3ygh-8ytf-g7ug-764gty8jut5y,fake,frontal,facemask,non-binary
7ythahgt-7yhs-8wus-7tyh-17yhstgy73ia,real,profile,none,female
7ythahgt-7yhs-8wus-7tyh-17yhstgy73ia,real,profile,none,female
9yuawnhu-9ush-6ayh-5shy-9iueg7yh2ian,fake,frontal,facemask,non-binary
9yuawnhu-9ush-6ayh-5shy-9iueg7yh2ian,fake,frontal,hat,non-binary
78uhgty6-3ygh-8ytf-g7ug-764gty8jut5y,real,frontal,hat,non-binary
78uhgty6-3ygh-8ytf-g7ug-764gty8jut5y,real,frontal,hat,male
7ythahgt-7yhs-8wus-7tyh-17yhstgy73ia,real,profile,none,female
9yuawnhu-9ush-6ayh-5shy-9iueg7yh2ian,fake,frontal,facemask,non-binary
7ythahgt-7yhs-8wus-7tyh-17yhstgy73ia,real,frontal,hat,male
78uhgty6-3ygh-8ytf-g7ug-764gty8jut5y,real,frontal,hat,male
9yuawnhu-9ush-6ayh-5shy-9iueg7yh2ian,fake,frontal,facemask,non-binary
9yuawnhu-9ush-6ayh-5shy-9iueg7yh2ian,fake,frontal,facemask,non-binary
7ythahgt-7yhs-8wus-7tyh-17yhstgy73ia,real,profile,none,female
9yuawnhu-9ush-6ayh-5shy-9iueg7yh2ian,fake,frontal,facemask,non-binary
7ythahgt-7yhs-8wus-7tyh-17yhstgy73ia,real,profile,none,female
7ythahgt-7yhs-8wus-7tyh-17yhstgy73ia,real,profile,none,female
78uhgty6-3ygh-8ytf-g7ug-764gty8jut5y,real,frontal,hat,male
9yuawnhu-9ush-6ayh-5shy-9iueg7yh2ian,fake,frontal,facemask,non-binary
9yuawnhu-9ush-6ayh-5shy-9iueg7yh2ian,fake,frontal,facemask,non-binary
7ythahgt-7yhs-8wus-7tyh-17yhstgy73ia,real,profile,none,female
9yuawnhu-9ush-6ayh-5shy-9iueg7yh2ian,fake,frontal,facemask,non-binary
78uhgty6-3ygh-8ytf-g7ug-764gty8jut5y,real,frontal,hat,male
7ythahgt-7yhs-8wus-7tyh-17yhstgy73ia,real,profile,none,female
78uhgty6-3ygh-8ytf-g7ug-764gty8jut5y,real,frontal,hat,male
78uhgty6-3ygh-8ytf-g7ug-764gty8jut5y,real,frontal,hat,male
78uhgty6-3ygh-8ytf-g7ug-764gty8jut5y,real,frontal,hat,male
9yuawnhu-9ush-6ayh-5shy-9iueg7yh2ian,fake,frontal,facemask,non-binary
7ythahgt-7yhs-8wus-7tyh-17yhstgy73ia,real,profile,none,female
7ythahgt-7yhs-8wus-7tyh-17yhstgy73ia,real,profile,none,female
9yuawnhu-9ush-6ayh-5shy-9iueg7yh2ian,fake,frontal,facemask,non-binary
9yuawnhu-9ush-6ayh-5shy-9iueg7yh2ian,fake,frontal,facemask,non-binary
7ythahgt-7yhs-8wus-7tyh-17yhstgy73ia,real,profile,none,female
7ythahgt-7yhs-8wus-7tyh-17yhstgy73ia,real,profile,none,female
78uhgty6-3ygh-8ytf-g7ug-764gty8jut5y,real,frontal,hat,male
7ythahgt-7yhs-8wus-7tyh-17yhstgy73ia,real,profile,none,female
9yuawnhu-9ush-6ayh-5shy-9iueg7yh2ian,fake,frontal,facemask,male
9yuawnhu-9ush-6ayh-5shy-9iueg7yh2ian,fake,frontal,facemask,non-binary
7ythahgt-7yhs-8wus-7tyh-17yhstgy73ia,real,profile,none,female
78uhgty6-3ygh-8ytf-g7ug-764gty8jut5y,real,frontal,hat,male
7ythahgt-7yhs-8wus-7tyh-17yhstgy73ia,real,frontal,none,female
7ythahgt-7yhs-8wus-7tyh-17yhstgy73ia,real,profile,none,female
7ythahgt-7yhs-8wus-7tyh-17yhstgy73ia,real,profile,none,female
78uhgty6-3ygh-8ytf-g7ug-764gty8jut5y,real,frontal,hat,male
7ythahgt-7yhs-8wus-7tyh-17yhstgy73ia,real,profile,none,female
7ythahgt-7yhs-8wus-7tyh-17yhstgy73ia,real,profile,none,female
78uhgty6-3ygh-8ytf-g7ug-764gty8jut5y,real,frontal,hat,male
78uhgty6-3ygh-8ytf-g7ug-764gty8jut5y,real,frontal,hat,male
7ythahgt-7yhs-8wus-7tyh-17yhstgy73ia,real,profile,none,female
9yuawnhu-9ush-6ayh-5shy-9iueg7yh2ian,fake,frontal,facemask,non-binary
7ythahgt-7yhs-8wus-7tyh-17yhstgy73ia,real,profile,none,female
78uhgty6-3ygh-8ytf-g7ug-764gty8jut5y,real,profile,hat,male
7ythahgt-7yhs-8wus-7tyh-17yhstgy73ia,real,profile,none,female
7ythahgt-7yhs-8wus-7tyh-17yhstgy73ia,real,profile,none,female
7ythahgt-7yhs-8wus-7tyh-17yhstgy73ia,real,profile,none,female
78uhgty6-3ygh-8ytf-g7ug-764gty8jut5y,real,frontal,hat,male
7ythahgt-7yhs-8wus-7tyh-17yhstgy73ia,real,profile,none,female
7ythahgt-7yhs-8wus-7tyh-17yhstgy73ia,real,profile,none,female
78uhgty6-3ygh-8ytf-g7ug-764gty8jut5y,real,frontal,hat,male
7ythahgt-7yhs-8wus-7tyh-17yhstgy73ia,real,profile,none,female
7ythahgt-7yhs-8wus-7tyh-17yhstgy73ia,real,profile,none,female
78uhgty6-3ygh-8ytf-g7ug-764gty8jut5y,real,frontal,hat,male
7ythahgt-7yhs-8wus-7tyh-17yhstgy73ia,real,profile,none,female
9yuawnhu-9ush-6ayh-5shy-9iueg7yh2ian,fake,frontal,facemask,non-binary
7ythahgt-7yhs-8wus-7tyh-17yhstgy73ia,real,profile,none,female
7ythahgt-7yhs-8wus-7tyh-17yhstgy73ia,real,profile,none,female
78uhgty6-3ygh-8ytf-g7ug-764gty8jut5y,real,frontal,hat,male
9yuawnhu-9ush-6ayh-5shy-9iueg7yh2ian,fake,frontal,facemask,non-binary
7ythahgt-7yhs-8wus-7tyh-17yhstgy73ia,real,profile,none,female
9yuawnhu-9ush-6ayh-5shy-9iueg7yh2ian,fake,frontal,facemask,non-binary
78uhgty6-3ygh-8ytf-g7ug-764gty8jut5y,real,frontal,hat,non-binary
78uhgty6-3ygh-8ytf-g7ug-764gty8jut5y,real,frontal,hat,male
78uhgty6-3ygh-8ytf-g7ug-764gty8jut5y,real,frontal,hat,male
7ythahgt-7yhs-8wus-7tyh-17yhstgy73ia,real,profile,none,female
9yuawnhu-9ush-6ayh-5shy-9iueg7yh2ian,fake,frontal,facemask,non-binary
78uhgty6-3ygh-8ytf-g7ug-764gty8jut5y,real,frontal,hat,male
78uhgty6-3ygh-8ytf-g7ug-764gty8jut5y,real,frontal,hat,male
78uhgty6-3ygh-8ytf-g7ug-764gty8jut5y,real,frontal,hat,male
78uhgty6-3ygh-8ytf-g7ug-764gty8jut5y,real,frontal,hat,male
78uhgty6-3ygh-8ytf-g7ug-764gty8jut5y,real,frontal,hat,male
7ythahgt-7yhs-8wus-7tyh-17yhstgy73ia,real,profile,none,female
7ythahgt-7yhs-8wus-7tyh-17yhstgy73ia,real,profile,none,female
9yuawnhu-9ush-6ayh-5shy-9iueg7yh2ian,fake,frontal,facemask,non-binary
7ythahgt-7yhs-8wus-7tyh-17yhstgy73ia,real,profile,none,female
7ythahgt-7yhs-8wus-7tyh-17yhstgy73ia,real,profile,none,female
78uhgty6-3ygh-8ytf-g7ug-764gty8jut5y,real,frontal,hat,male
9yuawnhu-9ush-6ayh-5shy-9iueg7yh2ian,fake,frontal,facemask,non-binary
9yuawnhu-9ush-6ayh-5shy-9iueg7yh2ian,fake,frontal,facemask,non-binary
7ythahgt-7yhs-8wus-7tyh-17yhstgy73ia,real,profile,none,female
78uhgty6-3ygh-8ytf-g7ug-764gty8jut5y,real,frontal,hat,male
9yuawnhu-9ush-6ayh-5shy-9iueg7yh2ian,fake,frontal,facemask,non-binary
7ythahgt-7yhs-8wus-7tyh-17yhstgy73ia,real,profile,none,female
9yuawnhu-9ush-6ayh-5shy-9iueg7yh2ian,fake,frontal,facemask,non-binary
9yuawnhu-9ush-6ayh-5shy-9iueg7yh2ian,fake,frontal,facemask,non-binary
78uhgty6-3ygh-8ytf-g7ug-764gty8jut5y,real,frontal,hat,male
9yuawnhu-9ush-6ayh-5shy-9iueg7yh2ian,fake,frontal,facemask,non-binary
9yuawnhu-9ush-6ayh-5shy-9iueg7yh2ian,fake,frontal,facemask,non-binary
7ythahgt-7yhs-8wus-7tyh-17yhstgy73ia,real,profile,none,female
78uhgty6-3ygh-8ytf-g7ug-764gty8jut5y,real,frontal,hat,male
7ythahgt-7yhs-8wus-7tyh-17yhstgy73ia,real,profile,hat,male
7ythahgt-7yhs-8wus-7tyh-17yhstgy73ia,real,profile,none,female
78uhgty6-3ygh-8ytf-g7ug-764gty8jut5y,real,frontal,hat,male
78uhgty6-3ygh-8ytf-g7ug-764gty8jut5y,real,frontal,hat,male
9yuawnhu-9ush-6ayh-5shy-9iueg7yh2ian,fake,frontal,facemask,non-binary
9yuawnhu-9ush-6ayh-5shy-9iueg7yh2ian,fake,frontal,facemask,non-binary
78uhgty6-3ygh-8ytf-g7ug-764gty8jut5y,real,frontal,hat,male
7ythahgt-7yhs-8wus-7tyh-17yhstgy73ia,real,profile,none,female
78uhgty6-3ygh-8ytf-g7ug-764gty8jut5y,real,frontal,hat,male
9yuawnhu-9ush-6ayh-5shy-9iueg7yh2ian,fake,frontal,facemask,non-binary
7ythahgt-7yhs-8wus-7tyh-17yhstgy73ia,real,profile,none,female
9yuawnhu-9ush-6ayh-5shy-9iueg7yh2ian,fake,frontal,facemask,non-binary
9yuawnhu-9ush-6ayh-5shy-9iueg7yh2ian,fake,frontal,facemask,non-binary
78uhgty6-3ygh-8ytf-g7ug-764gty8jut5y,real,frontal,hat,male
78uhgty6-3ygh-8ytf-g7ug-764gty8jut5y,real,profile,none,female
9yuawnhu-9ush-6ayh-5shy-9iueg7yh2ian,fake,frontal,facemask,non-binary
78uhgty6-3ygh-8ytf-g7ug-764gty8jut5y,real,frontal,hat,male
9yuawnhu-9ush-6ayh-5shy-9iueg7yh2ian,fake,frontal,facemask,non-binary
9yuawnhu-9ush-6ayh-5shy-9iueg7yh2ian,fake,frontal,facemask,non-binary
78uhgty6-3ygh-8ytf-g7ug-764gty8jut5y,real,frontal,hat,male
9yuawnhu-9ush-6ayh-5shy-9iueg7yh2ian,fake,frontal,facemask,non-binary
9yuawnhu-9ush-6ayh-5shy-9iueg7yh2ian,fake,frontal,facemask,non-binary
78uhgty6-3ygh-8ytf-g7ug-764gty8jut5y,real,frontal,hat,male
9yuawnhu-9ush-6ayh-5shy-9iueg7yh2ian,real,frontal,facemask,non-binary
9yuawnhu-9ush-6ayh-5shy-9iueg7yh2ian,fake,frontal,facemask,non-binary
9yuawnhu-9ush-6ayh-5shy-9iueg7yh2ian,fake,frontal,facemask,non-binary
78uhgty6-3ygh-8ytf-g7ug-764gty8jut5y,real,frontal,hat,male
9yuawnhu-9ush-6ayh-5shy-9iueg7yh2ian,fake,frontal,facemask,non-binary
78uhgty6-3ygh-8ytf-g7ug-764gty8jut5y,real,profile,none,male
78uhgty6-3ygh-8ytf-g7ug-764gty8jut5y,real,frontal,hat,male
7ythahgt-7yhs-8wus-7tyh-17yhstgy73ia,real,profile,none,female
7ythahgt-7yhs-8wus-7tyh-17yhstgy73ia,real,profile,none,female
78uhgty6-3ygh-8ytf-g7ug-764gty8jut5y,real,frontal,hat,male
9yuawnhu-9ush-6ayh-5shy-9iueg7yh2ian,fake,frontal,facemask,non-binary
78uhgty6-3ygh-8ytf-g7ug-764gty8jut5y,real,frontal,hat,male
7ythahgt-7yhs-8wus-7tyh-17yhstgy73ia,real,profile,hat,female
78uhgty6-3ygh-8ytf-g7ug-764gty8jut5y,real,frontal,hat,male
78uhgty6-3ygh-8ytf-g7ug-764gty8jut5y,real,frontal,hat,male
7ythahgt-7yhs-8wus-7tyh-17yhstgy73ia,real,profile,none,female
78uhgty6-3ygh-8ytf-g7ug-764gty8jut5y,real,frontal,hat,male
9yuawnhu-9ush-6ayh-5shy-9iueg7yh2ian,fake,frontal,facemask,non-binary
9yuawnhu-9ush-6ayh-5shy-9iueg7yh2ian,fake,frontal,facemask,non-binary
7ythahgt-7yhs-8wus-7tyh-17yhstgy73ia,real,profile,none,female
7ythahgt-7yhs-8wus-7tyh-17yhstgy73ia,real,profile,none,female
9yuawnhu-9ush-6ayh-5shy-9iueg7yh2ian,fake,frontal,facemask,non-binary
7ythahgt-7yhs-8wus-7tyh-17yhstgy73ia,real,profile,none,female
78uhgty6-3ygh-8ytf-g7ug-764gty8jut5y,real,frontal,hat,male
9yuawnhu-9ush-6ayh-5shy-9iueg7yh2ian,fake,frontal,facemask,non-binary
9yuawnhu-9ush-6ayh-5shy-9iueg7yh2ian,fake,frontal,facemask,non-binary
78uhgty6-3ygh-8ytf-g7ug-764gty8jut5y,real,frontal,hat,male
7ythahgt-7yhs-8wus-7tyh-17yhstgy73ia,real,profile,none,female
78uhgty6-3ygh-8ytf-g7ug-764gty8jut5y,real,frontal,hat,male
7ythahgt-7yhs-8wus-7tyh-17yhstgy73ia,real,profile,none,female
9yuawnhu-9ush-6ayh-5shy-9iueg7yh2ian,real,frontal,none,non-binary
9yuawnhu-9ush-6ayh-5shy-9iueg7yh2ian,fake,frontal,facemask,non-binary
9yuawnhu-9ush-6ayh-5shy-9iueg7yh2ian,fake,frontal,facemask,non-binary
9yuawnhu-9ush-6ayh-5shy-9iueg7yh2ian,fake,frontal,facemask,non-binary
9yuawnhu-9ush-6ayh-5shy-9iueg7yh2ian,fake,frontal,facemask,non-binary
9yuawnhu-9ush-6ayh-5shy-9iueg7yh2ian,fake,frontal,facemask,non-binary
9yuawnhu-9ush-6ayh-5shy-9iueg7yh2ian,fake,frontal,facemask,non-binary
78uhgty6-3ygh-8ytf-g7ug-764gty8jut5y,real,frontal,hat,male
9yuawnhu-9ush-6ayh-5shy-9iueg7yh2ian,fake,frontal,facemask,non-binary
7ythahgt-7yhs-8wus-7tyh-17yhstgy73ia,real,profile,none,female
78uhgty6-3ygh-8ytf-g7ug-764gty8jut5y,real,frontal,hat,male
78uhgty6-3ygh-8ytf-g7ug-764gty8jut5y,real,frontal,hat,male
78uhgty6-3ygh-8ytf-g7ug-764gty8jut5y,fake,frontal,hat,male
7ythahgt-7yhs-8wus-7tyh-17yhstgy73ia,real,frontal,hat,male
7ythahgt-7yhs-8wus-7tyh-17yhstgy73ia,real,profile,none,female
7ythahgt-7yhs-8wus-7tyh-17yhstgy73ia,real,profile,none,female
9yuawnhu-9ush-6ayh-5shy-9iueg7yh2ian,fake,frontal,facemask,non-binary
9yuawnhu-9ush-6ayh-5shy-9iueg7yh2ian,fake,frontal,facemask,female
78uhgty6-3ygh-8ytf-g7ug-764gty8jut5y,real,frontal,facemask,male
78uhgty6-3ygh-8ytf-g7ug-764gty8jut5y,real,frontal,hat,male
7ythahgt-7yhs-8wus-7tyh-17yhstgy73ia,real,profile,none,female
78uhgty6-3ygh-8ytf-g7ug-764gty8jut5y,real,frontal,hat,male
9yuawnhu-9ush-6ayh-5shy-9iueg7yh2ian,fake,frontal,facemask,non-binary
78uhgty6-3ygh-8ytf-g7ug-764gty8jut5y,fake,frontal,hat,male
9yuawnhu-9ush-6ayh-5shy-9iueg7yh2ian,fake,frontal,facemask,non-binary
78uhgty6-3ygh-8ytf-g7ug-764gty8jut5y,real,frontal,hat,male
9yuawnhu-9ush-6ayh-5shy-9iueg7yh2ian,real,frontal,facemask,non-binary
9yuawnhu-9ush-6ayh-5shy-9iueg7yh2ian,fake,frontal,facemask,non-binary
7ythahgt-7yhs-8wus-7tyh-17yhstgy73ia,real,profile,none,female
9yuawnhu-9ush-6ayh-5shy-9iueg7yh2ian,fake,frontal,facemask,non-binary
9yuawnhu-9ush-6ayh-5shy-9iueg7yh2ian,fake,frontal,facemask,non-binary
7ythahgt-7yhs-8wus-7tyh-17yhstgy73ia,real,profile,none,female
78uhgty6-3ygh-8ytf-g7ug-764gty8jut5y,real,frontal,hat,male
78uhgty6-3ygh-8ytf-g7ug-764gty8jut5y,real,frontal,hat,male
9yuawnhu-9ush-6ayh-5shy-9iueg7yh2ian,fake,frontal,facemask,non-binary
7ythahgt-7yhs-8wus-7tyh-17yhstgy73ia,real,profile,hat,female
9yuawnhu-9ush-6ayh-5shy-9iueg7yh2ian,fake,frontal,facemask,non-binary
78uhgty6-3ygh-8ytf-g7ug-764gty8jut5y,real,frontal,hat,male
7ythahgt-7yhs-8wus-7tyh-17yhstgy73ia,real,profile,none,female
7ythahgt-7yhs-8wus-7tyh-17yhstgy73ia,real,profile,none,female
7ythahgt-7yhs-8wus-7tyh-17yhstgy73ia,real,profile,none,female
78uhgty6-3ygh-8ytf-g7ug-764gty8jut5y,real,frontal,hat,male
7ythahgt-7yhs-8wus-7tyh-17yhstgy73ia,real,profile,none,female
9yuawnhu-9ush-6ayh-5shy-9iueg7yh2ian,fake,frontal,facemask,non-binary
78uhgty6-3ygh-8ytf-g7ug-764gty8jut5y,fake,frontal,hat,male
9yuawnhu-9ush-6ayh-5shy-9iueg7yh2ian,fake,frontal,facemask,non-binary
9yuawnhu-9ush-6ayh-5shy-9iueg7yh2ian,fake,frontal,facemask,non-binary
7ythahgt-7yhs-8wus-7tyh-17yhstgy73ia,real,profile,none,female
78uhgty6-3ygh-8ytf-g7ug-764gty8jut5y,fake,frontal,hat,non-binary
9yuawnhu-9ush-6ayh-5shy-9iueg7yh2ian,fake,frontal,facemask,non-binary
7ythahgt-7yhs-8wus-7tyh-17yhstgy73ia,real,profile,none,female
78uhgty6-3ygh-8ytf-g7ug-764gty8jut5y,real,frontal,hat,male
7ythahgt-7yhs-8wus-7tyh-17yhstgy73ia,real,profile,none,female
7ythahgt-7yhs-8wus-7tyh-17yhstgy73ia,real,profile,none,female
7ythahgt-7yhs-8wus-7tyh-17yhstgy73ia,real,profile,none,female
7ythahgt-7yhs-8wus-7tyh-17yhstgy73ia,real,profile,none,female
7ythahgt-7yhs-8wus-7tyh-17yhstgy73ia,real,profile,none,female
78uhgty6-3ygh-8ytf-g7ug-764gty8jut5y,real,frontal,hat,male
78uhgty6-3ygh-8ytf-g7ug-764gty8jut5y,real,frontal,facemask,male
9yuawnhu-9ush-6ayh-5shy-9iueg7yh2ian,fake,frontal,facemask,non-binary
78uhgty6-3ygh-8ytf-g7ug-764gty8jut5y,real,frontal,hat,male
7ythahgt-7yhs-8wus-7tyh-17yhstgy73ia,real,profile,none,female
7ythahgt-7yhs-8wus-7tyh-17yhstgy73ia,real,profile,none,female
9yuawnhu-9ush-6ayh-5shy-9iueg7yh2ian,fake,frontal,facemask,non-binary
78uhgty6-3ygh-8ytf-g7ug-764gty8jut5y,real,frontal,hat,male
78uhgty6-3ygh-8ytf-g7ug-764gty8jut5y,real,frontal,hat,male
78uhgty6-3ygh-8ytf-g7ug-764gty8jut5y,fake,frontal,facemask,male
78uhgty6-3ygh-8ytf-g7ug-764gty8jut5y,real,frontal,hat,male
7ythahgt-7yhs-8wus-7tyh-17yhstgy73ia,real,profile,none,female
7ythahgt-7yhs-8wus-7tyh-17yhstgy73ia,real,profile,none,female
9yuawnhu-9ush-6ayh-5shy-9iueg7yh2ian,fake,frontal,facemask,non-binary
7ythahgt-7yhs-8wus-7tyh-17yhstgy73ia,real,profile,none,female
78uhgty6-3ygh-8ytf-g7ug-764gty8jut5y,fake,frontal,hat,male
9yuawnhu-9ush-6ayh-5shy-9iueg7yh2ian,fake,frontal,facemask,non-binary
9yuawnhu-9ush-6ayh-5shy-9iueg7yh2ian,fake,frontal,facemask,non-binary
7ythahgt-7yhs-8wus-7tyh-17yhstgy73ia,real,profile,none,female
7ythahgt-7yhs-8wus-7tyh-17yhstgy73ia,real,profile,none,female
9yuawnhu-9ush-6ayh-5shy-9iueg7yh2ian,fake,frontal,facemask,non-binary
9yuawnhu-9ush-6ayh-5shy-9iueg7yh2ian,fake,frontal,facemask,non-binary
78uhgty6-3ygh-8ytf-g7ug-764gty8jut5y,real,frontal,hat,male
78uhgty6-3ygh-8ytf-g7ug-764gty8jut5y,real,frontal,hat,male
7ythahgt-7yhs-8wus-7tyh-17yhstgy73ia,real,profile,none,female
78uhgty6-3ygh-8ytf-g7ug-764gty8jut5y,real,frontal,hat,male
7ythahgt-7yhs-8wus-7tyh-17yhstgy73ia,real,profile,none,female
9yuawnhu-9ush-6ayh-5shy-9iueg7yh2ian,fake,frontal,facemask,non-binary
7ythahgt-7yhs-8wus-7tyh-17yhstgy73ia,real,profile,none,female
9yuawnhu-9ush-6ayh-5shy-9iueg7yh2ian,real,frontal,facemask,non-binary
7ythahgt-7yhs-8wus-7tyh-17yhstgy73ia,real,profile,none,female
7ythahgt-7yhs-8wus-7tyh-17yhstgy73ia,real,profile,none,female
9yuawnhu-9ush-6ayh-5shy-9iueg7yh2ian,fake,frontal,facemask,non-binary
7ythahgt-7yhs-8wus-7tyh-17yhstgy73ia,real,profile,none,female
7ythahgt-7yhs-8wus-7tyh-17yhstgy73ia,real,profile,none,female
9yuawnhu-9ush-6ayh-5shy-9iueg7yh2ian,fake,frontal,facemask,non-binary
78uhgty6-3ygh-8ytf-g7ug-764gty8jut5y,real,frontal,hat,male
9yuawnhu-9ush-6ayh-5shy-9iueg7yh2ian,fake,frontal,facemask,non-binary
9yuawnhu-9ush-6ayh-5shy-9iueg7yh2ian,fake,frontal,facemask,non-binary
78uhgty6-3ygh-8ytf-g7ug-764gty8jut5y,real,frontal,hat,female
78uhgty6-3ygh-8ytf-g7ug-764gty8jut5y,real,frontal,hat,male
78uhgty6-3ygh-8ytf-g7ug-764gty8jut5y,real,frontal,hat,male
78uhgty6-3ygh-8ytf-g7ug-764gty8jut5y,real,frontal,facemask,male
9yuawnhu-9ush-6ayh-5shy-9iueg7yh2ian,fake,frontal,facemask,non-binary
7ythahgt-7yhs-8wus-7tyh-17yhstgy73ia,real,profile,none,female
78uhgty6-3ygh-8ytf-g7ug-764gty8jut5y,real,frontal,hat,male
7ythahgt-7yhs-8wus-7tyh-17yhstgy73ia,real,profile,none,female
78uhgty6-3ygh-8ytf-g7ug-764gty8jut5y,real,frontal,hat,male
7ythahgt-7yhs-8wus-7tyh-17yhstgy73ia,real,frontal,none,non-binary
9yuawnhu-9ush-6ayh-5shy-9iueg7yh2ian,fake,frontal,facemask,non-binary
7ythahgt-7yhs-8wus-7tyh-17yhstgy73ia,real,profile,none,female
9yuawnhu-9ush-6ayh-5shy-9iueg7yh2ian,fake,frontal,facemask,non-binary
9yuawnhu-9ush-6ayh-5shy-9iueg7yh2ian,fake,frontal,facemask,non-binary
7ythahgt-7yhs-8wus-7tyh-17yhstgy73ia,real,profile,none,female
9yuawnhu-9ush-6ayh-5shy-9iueg7yh2ian,fake,frontal,facemask,non-binary
78uhgty6-3ygh-8ytf-g7ug-764gty8jut5y,real,frontal,hat,male
78uhgty6-3ygh-8ytf-g7ug-764gty8jut5y,real,frontal,hat,male
78uhgty6-3ygh-8ytf-g7ug-764gty8jut5y,real,frontal,hat,male
9yuawnhu-9ush-6ayh-5shy-9iueg7yh2ian,fake,frontal,facemask,non-binary
9yuawnhu-9ush-6ayh-5shy-9iueg7yh2ian,fake,frontal,facemask,non-binary
78uhgty6-3ygh-8ytf-g7ug-764gty8jut5y,real,frontal,hat,male
9yuawnhu-9ush-6ayh-5shy-9iueg7yh2ian,fake,frontal,facemask,non-binary
78uhgty6-3ygh-8ytf-g7ug-764gty8jut5y,real,frontal,hat,male
9yuawnhu-9ush-6ayh-5shy-9iueg7yh2ian,fake,frontal,facemask,non-binary
7ythahgt-7yhs-8wus-7tyh-17yhstgy73ia,real,profile,none,female
78uhgty6-3ygh-8ytf-g7ug-764gty8jut5y,real,frontal,hat,male
9yuawnhu-9ush-6ayh-5shy-9iueg7yh2ian,fake,frontal,facemask,non-binary
7ythahgt-7yhs-8wus-7tyh-17yhstgy73ia,real,profile,none,female
78uhgty6-3ygh-8ytf-g7ug-764gty8jut5y,real,frontal,hat,male
9yuawnhu-9ush-6ayh-5shy-9iueg7yh2ian,fake,frontal,facemask,non-binary
7ythahgt-7yhs-8wus-7tyh-17yhstgy73ia,real,frontal,none,male
78uhgty6-3ygh-8ytf-g7ug-764gty8jut5y,real,frontal,hat,male
9yuawnhu-9ush-6ayh-5shy-9iueg7yh2ian,fake,frontal,facemask,non-binary
78uhgty6-3ygh-8ytf-g7ug-764gty8jut5y,real,frontal,hat,male
78uhgty6-3ygh-8ytf-g7ug-764gty8jut5y,real,frontal,hat,male
78uhgty6-3ygh-8ytf-g7ug-764gty8jut5y,real,frontal,hat,male
9yuawnhu-9ush-6ayh-5shy-9iueg7yh2ian,fake,frontal,facemask,female
78uhgty6-3ygh-8ytf-g7ug-764gty8jut5y,real,frontal,hat,male
78uhgty6-3ygh-8ytf-g7ug-764gty8jut5y,real,frontal,hat,male
7ythahgt-7yhs-8wus-7tyh-17yhstgy73ia,real,profile,none,male
7ythahgt-7yhs-8wus-7tyh-17yhstgy73ia,real,profile,none,female
78uhgty6-3ygh-8ytf-g7ug-764gty8jut5y,real,frontal,hat,female
9yuawnhu-9ush-6ayh-5shy-9iueg7yh2ian,fake,frontal,facemask,non-binary
7ythahgt-7yhs-8wus-7tyh-17yhstgy73ia,real,profile,none,female
78uhgty6-3ygh-8ytf-g7ug-764gty8jut5y,real,frontal,hat,male
7ythahgt-7yhs-8wus-7tyh-17yhstgy73ia,real,profile,none,female
7ythahgt-7yhs-8wus-7tyh-17yhstgy73ia,real,profile,none,female
7ythahgt-7yhs-8wus-7tyh-17yhstgy73ia,real,profile,none,female
7ythahgt-7yhs-8wus-7tyh-17yhstgy73ia,real,frontal,none,female
9yuawnhu-9ush-6ayh-5shy-9iueg7yh2ian,fake,frontal,facemask,non-binary
78uhgty6-3ygh-8ytf-g7ug-764gty8jut5y,real,frontal,hat,male
9yuawnhu-9ush-6ayh-5shy-9iueg7yh2ian,fake,frontal,facemask,non-binary
78uhgty6-3ygh-8ytf-g7ug-764gty8jut5y,real,frontal,hat,male
7ythahgt-7yhs-8wus-7tyh-17yhstgy73ia,real,profile,hat,non-binary
9yuawnhu-9ush-6ayh-5shy-9iueg7yh2ian,fake,frontal,facemask,non-binary
9yuawnhu-9ush-6ayh-5shy-9iueg7yh2ian,fake,frontal,facemask,non-binary
9yuawnhu-9ush-6ayh-5shy-9iueg7yh2ian,real,frontal,hat,male
78uhgty6-3ygh-8ytf-g7ug-764gty8jut5y,real,frontal,hat,male
9yuawnhu-9ush-6ayh-5shy-9iueg7yh2ian,fake,frontal,facemask,non-binary
9yuawnhu-9ush-6ayh-5shy-9iueg7yh2ian,fake,frontal,facemask,non-binary
78uhgty6-3ygh-8ytf-g7ug-764gty8jut5y,real,frontal,none,male
78uhgty6-3ygh-8ytf-g7ug-764gty8jut5y,real,frontal,hat,non-binary
9yuawnhu-9ush-6ayh-5shy-9iueg7yh2ian,fake,frontal,facemask,non-binary
9yuawnhu-9ush-6ayh-5shy-9iueg7yh2ian,fake,frontal,facemask,non-binary
78uhgty6-3ygh-8ytf-g7ug-764gty8jut5y,real,frontal,hat,male
9yuawnhu-9ush-6ayh-5shy-9iueg7yh2ian,fake,frontal,facemask,non-binary
9yuawnhu-9ush-6ayh-5shy-9iueg7yh2ian,fake,frontal,facemask,non-binary
9yuawnhu-9ush-6ayh-5shy-9iueg7yh2ian,fake,frontal,facemask,non-binary
78uhgty6-3ygh-8ytf-g7ug-764gty8jut5y,real,frontal,hat,male
7ythahgt-7yhs-8wus-7tyh-17yhstgy73ia,real,profile,none,female
7ythahgt-7yhs-8wus-7tyh-17yhstgy73ia,real,profile,none,female
78uhgty6-3ygh-8ytf-g7ug-764gty8jut5y,real,profile,hat,male
7ythahgt-7yhs-8wus-7tyh-17yhstgy73ia,real,profile,none,female
78uhgty6-3ygh-8ytf-g7ug-764gty8jut5y,real,frontal,hat,male
9yuawnhu-9ush-6ayh-5shy-9iueg7yh2ian,real,frontal,facemask,non-binary
7ythahgt-7yhs-8wus-7tyh-17yhstgy73ia,real,profile,none,female
9yuawnhu-9ush-6ayh-5shy-9iueg7yh2ian,fake,frontal,facemask,non-binary
7ythahgt-7yhs-8wus-7tyh-17yhstgy73ia,real,profile,none,female
78uhgty6-3ygh-8ytf-g7ug-764gty8jut5y,real,frontal,hat,male
9yuawnhu-9ush-6ayh-5shy-9iueg7yh2ian,fake,frontal,facemask,non-binary
7ythahgt-7yhs-8wus-7tyh-17yhstgy73ia,real,profile,none,female
78uhgty6-3ygh-8ytf-g7ug-764gty8jut5y,real,profile,hat,male
78uhgty6-3ygh-8ytf-g7ug-764gty8jut5y,real,frontal,hat,male
7ythahgt-7yhs-8wus-7tyh-17yhstgy73ia,real,profile,hat,female
7ythahgt-7yhs-8wus-7tyh-17yhstgy73ia,real,profile,none,female
7ythahgt-7yhs-8wus-7tyh-17yhstgy73ia,real,profile,none,female
7ythahgt-7yhs-8wus-7tyh-17yhstgy73ia,real,profile,none,female
7ythahgt-7yhs-8wus-7tyh-17yhstgy73ia,real,profile,none,female
78uhgty6-3ygh-8ytf-g7ug-764gty8jut5y,real,frontal,hat,male
78uhgty6-3ygh-8ytf-g7ug-764gty8jut5y,real,frontal,hat,male
78uhgty6-3ygh-8ytf-g7ug-764gty8jut5y,real,frontal,hat,male
7ythahgt-7yhs-8wus-7tyh-17yhstgy73ia,real,profile,none,female
78uhgty6-3ygh-8ytf-g7ug-764gty8jut5y,real,frontal,hat,male
7ythahgt-7yhs-8wus-7tyh-17yhstgy73ia,real,profile,none,female
78uhgty6-3ygh-8ytf-g7ug-764gty8jut5y,real,frontal,hat,male
7ythahgt-7yhs-8wus-7tyh-17yhstgy73ia,real,profile,none,female
78uhgty6-3ygh-8ytf-g7ug-764gty8jut5y,real,frontal,hat,male
9yuawnhu-9ush-6ayh-5shy-9iueg7yh2ian,fake,frontal,facemask,non-binary
78uhgty6-3ygh-8ytf-g7ug-764gty8jut5y,real,frontal,hat,male
9yuawnhu-9ush-6ayh-5shy-9iueg7yh2ian,fake,frontal,facemask,non-binary
7ythahgt-7yhs-8wus-7tyh-17yhstgy73ia,real,profile,none,female
7ythahgt-7yhs-8wus-7tyh-17yhstgy73ia,real,profile,none,female
7ythahgt-7yhs-8wus-7tyh-17yhstgy73ia,real,profile,none,female
9yuawnhu-9ush-6ayh-5shy-9iueg7yh2ian,fake,frontal,facemask,non-binary
7ythahgt-7yhs-8wus-7tyh-17yhstgy73ia,real,profile,none,male
78uhgty6-3ygh-8ytf-g7ug-764gty8jut5y,real,frontal,hat,non-binary
7ythahgt-7yhs-8wus-7tyh-17yhstgy73ia,real,profile,none,female
78uhgty6-3ygh-8ytf-g7ug-764gty8jut5y,real,frontal,hat,male
7ythahgt-7yhs-8wus-7tyh-17yhstgy73ia,real,profile,none,female
78uhgty6-3ygh-8ytf-g7ug-764gty8jut5y,fake,frontal,facemask,male
78uhgty6-3ygh-8ytf-g7ug-764gty8jut5y,real,frontal,facemask,male
78uhgty6-3ygh-8ytf-g7ug-764gty8jut5y,real,frontal,hat,male
78uhgty6-3ygh-8ytf-g7ug-764gty8jut5y,real,frontal,hat,male
78uhgty6-3ygh-8ytf-g7ug-764gty8jut5y,real,frontal,hat,male
7ythahgt-7yhs-8wus-7tyh-17yhstgy73ia,real,profile,none,female
9yuawnhu-9ush-6ayh-5shy-9iueg7yh2ian,fake,frontal,facemask,non-binary
9yuawnhu-9ush-6ayh-5shy-9iueg7yh2ian,fake,frontal,facemask,non-binary
7ythahgt-7yhs-8wus-7tyh-17yhstgy73ia,real,profile,none,female
9yuawnhu-9ush-6ayh-5shy-9iueg7yh2ian,fake,frontal,facemask,non-binary
9yuawnhu-9ush-6ayh-5shy-9iueg7yh2ian,fake,frontal,facemask,non-binary
9yuawnhu-9ush-6ayh-5shy-9iueg7yh2ian,fake,frontal,facemask,non-binary
7ythahgt-7yhs-8wus-7tyh-17yhstgy73ia,real,frontal,none,male
9yuawnhu-9ush-6ayh-5shy-9iueg7yh2ian,fake,frontal,facemask,non-binary
78uhgty6-3ygh-8ytf-g7ug-764gty8jut5y,real,frontal,hat,male
9yuawnhu-9ush-6ayh-5shy-9iueg7yh2ian,fake,frontal,facemask,non-binary
7ythahgt-7yhs-8wus-7tyh-17yhstgy73ia,real,frontal,hat,female
7ythahgt-7yhs-8wus-7tyh-17yhstgy73ia,real,profile,none,female
78uhgty6-3ygh-8ytf-g7ug-764gty8jut5y,real,frontal,hat,male
7ythahgt-7yhs-8wus-7tyh-17yhstgy73ia,real,profile,none,female
78uhgty6-3ygh-8ytf-g7ug-764gty8jut5y,real,frontal,hat,male
78uhgty6-3ygh-8ytf-g7ug-764gty8jut5y,real,frontal,hat,male
78uhgty6-3ygh-8ytf-g7ug-764gty8jut5y,real,frontal,hat,male
78uhgty6-3ygh-8ytf-g7ug-764gty8jut5y,real,frontal,hat,male
9yuawnhu-9ush-6ayh-5shy-9iueg7yh2ian,fake,frontal,facemask,non-binary
9yuawnhu-9ush-6ayh-5shy-9iueg7yh2ian,fake,frontal,facemask,non-binary
7ythahgt-7yhs-8wus-7tyh-17yhstgy73ia,real,profile,none,female
9yuawnhu-9ush-6ayh-5shy-9iueg7yh2ian,fake,frontal,facemask,non-binary
78uhgty6-3ygh-8ytf-g7ug-764gty8jut5y,real,frontal,hat,male
78uhgty6-3ygh-8ytf-g7ug-764gty8jut5y,real,frontal,hat,male
9yuawnhu-9ush-6ayh-5shy-9iueg7yh2ian,fake,frontal,facemask,non-binary
78uhgty6-3ygh-8ytf-g7ug-764gty8jut5y,real,frontal,hat,male
9yuawnhu-9ush-6ayh-5shy-9iueg7yh2ian,fake,frontal,facemask,non-binary
78uhgty6-3ygh-8ytf-g7ug-764gty8jut5y,real,frontal,hat,male
7ythahgt-7yhs-8wus-7tyh-17yhstgy73ia,real,profile,none,female
7ythahgt-7yhs-8wus-7tyh-17yhstgy73ia,real,profile,none,female
7ythahgt-7yhs-8wus-7tyh-17yhstgy73ia,real,profile,none,female
7ythahgt-7yhs-8wus-7tyh-17yhstgy73ia,real,profile,none,female
7ythahgt-7yhs-8wus-7tyh-17yhstgy73ia,real,profile,none,female
9yuawnhu-9ush-6ayh-5shy-9iueg7yh2ian,fake,frontal,facemask,non-binary
9yuawnhu-9ush-6ayh-5shy-9iueg7yh2ian,fake,frontal,facemask,non-binary
7ythahgt-7yhs-8wus-7tyh-17yhstgy73ia,real,profile,none,female
7ythahgt-7yhs-8wus-7tyh-17yhstgy73ia,real,profile,none,female
78uhgty6-3ygh-8ytf-g7ug-764gty8jut5y,real,frontal,hat,male
9yuawnhu-9ush-6ayh-5shy-9iueg7yh2ian,real,frontal,hat,male
9yuawnhu-9ush-6ayh-5shy-9iueg7yh2ian,fake,frontal,facemask,non-binary
7ythahgt-7yhs-8wus-7tyh-17yhstgy73ia,real,frontal,hat,female
7ythahgt-7yhs-8wus-7tyh-17yhstgy73ia,real,profile,hat,male
78uhgty6-3ygh-8ytf-g7ug-764gty8jut5y,real,profile,none,female
78uhgty6-3ygh-8ytf-g7ug-764gty8jut5y,real,frontal,hat,male
7ythahgt-7yhs-8wus-7tyh-17yhstgy73ia,real,profile,none,female
7ythahgt-7yhs-8wus-7tyh-17yhstgy73ia,real,profile,none,female
9yuawnhu-9ush-6ayh-5shy-9iueg7yh2ian,fake,frontal,facemask,non-binary
7ythahgt-7yhs-8wus-7tyh-17yhstgy73ia,real,profile,none,female
9yuawnhu-9ush-6ayh-5shy-9iueg7yh2ian,fake,frontal,facemask,non-binary
78uhgty6-3ygh-8ytf-g7ug-764gty8jut5y,real,profile,hat,male
78uhgty6-3ygh-8ytf-g7ug-764gty8jut5y,real,frontal,hat,male
7ythahgt-7yhs-8wus-7tyh-17yhstgy73ia,real,profile,none,female
78uhgty6-3ygh-8ytf-g7ug-764gty8jut5y,real,frontal,hat,male
78uhgty6-3ygh-8ytf-g7ug-764gty8jut5y,real,frontal,hat,male
9yuawnhu-9ush-6ayh-5shy-9iueg7yh2ian,fake,frontal,facemask,non-binary
9yuawnhu-9ush-6ayh-5shy-9iueg7yh2ian,fake,frontal,facemask,non-binary
9yuawnhu-9ush-6ayh-5shy-9iueg7yh2ian,fake,frontal,facemask,non-binary
9yuawnhu-9ush-6ayh-5shy-9iueg7yh2ian,fake,frontal,facemask,non-binary
9yuawnhu-9ush-6ayh-5shy-9iueg7yh2ian,fake,frontal,facemask,non-binary
78uhgty6-3ygh-8ytf-g7ug-764gty8jut5y,real,frontal,hat,male
9yuawnhu-9ush-6ayh-5shy-9iueg7yh2ian,fake,frontal,facemask,non-binary
9yuawnhu-9ush-6ayh-5shy-9iueg7yh2ian,fake,frontal,facemask,non-binary
9yuawnhu-9ush-6ayh-5shy-9iueg7yh2ian,fake,frontal,facemask,non-binary
7ythahgt-7yhs-8wus-7tyh-17yhstgy73ia,real,profile,none,female
9yuawnhu-9ush-6ayh-5shy-9iueg7yh2ian,fake,frontal,facemask,non-binary
7ythahgt-7yhs-8wus-7tyh-17yhstgy73ia,real,profile,none,female
78uhgty6-3ygh-8ytf-g7ug-764gty8jut5y,real,frontal,hat,male
78uhgty6-3ygh-8ytf-g7ug-764gty8jut5y,real,frontal,hat,male
9yuawnhu-9ush-6ayh-5shy-9iueg7yh2ian,fake,frontal,facemask,non-binary
9yuawnhu-9ush-6ayh-5shy-9iueg7yh2ian,fake,frontal,facemask,non-binary
9yuawnhu-9ush-6ayh-5shy-9iueg7yh2ian,fake,frontal,facemask,non-binary
78uhgty6-3ygh-8ytf-g7ug-764gty8jut5y,real,frontal,hat,male
9yuawnhu-9ush-6ayh-5shy-9iueg7yh2ian,fake,frontal,facemask,non-binary
7ythahgt-7yhs-8wus-7tyh-17yhstgy73ia,real,profile,none,female
9yuawnhu-9ush-6ayh-5shy-9iueg7yh2ian,fake,frontal,facemask,non-binary
7ythahgt-7yhs-8wus-7tyh-17yhstgy73ia,real,profile,none,female
78uhgty6-3ygh-8ytf-g7ug-764gty8jut5y,real,frontal,hat,male
7ythahgt-7yhs-8wus-7tyh-17yhstgy73ia,real,profile,none,female
78uhgty6-3ygh-8ytf-g7ug-764gty8jut5y,real,frontal,hat,male
7ythahgt-7yhs-8wus-7tyh-17yhstgy73ia,real,profile,none,female
9yuawnhu-9ush-6ayh-5shy-9iueg7yh2ian,fake,frontal,facemask,non-binary
7ythahgt-7yhs-8wus-7tyh-17yhstgy73ia,real,profile,none,female
78uhgty6-3ygh-8ytf-g7ug-764gty8jut5y,real,frontal,hat,male
78uhgty6-3ygh-8ytf-g7ug-764gty8jut5y,real,profile,hat,male
78uhgty6-3ygh-8ytf-g7ug-764gty8jut5y,real,frontal,hat,male
9yuawnhu-9ush-6ayh-5shy-9iueg7yh2ian,fake,frontal,facemask,non-binary
78uhgty6-3ygh-8ytf-g7ug-764gty8jut5y,real,frontal,hat,female
78uhgty6-3ygh-8ytf-g7ug-764gty8jut5y,real,frontal,hat,male
9yuawnhu-9ush-6ayh-5shy-9iueg7yh2ian,fake,frontal,facemask,non-binary
9yuawnhu-9ush-6ayh-5shy-9iueg7yh2ian,fake,frontal,facemask,non-binary
9yuawnhu-9ush-6ayh-5shy-9iueg7yh2ian,fake,frontal,facemask,non-binary
78uhgty6-3ygh-8ytf-g7ug-764gty8jut5y,real,frontal,hat,male
9yuawnhu-9ush-6ayh-5shy-9iueg7yh2ian,fake,frontal,facemask,non-binary
78uhgty6-3ygh-8ytf-g7ug-764gty8jut5y,real,profile,none,female
78uhgty6-3ygh-8ytf-g7ug-764gty8jut5y,real,frontal,hat,male
78uhgty6-3ygh-8ytf-g7ug-764gty8jut5y,real,frontal,hat,male
78uhgty6-3ygh-8ytf-g7ug-764gty8jut5y,real,frontal,hat,male
9yuawnhu-9ush-6ayh-5shy-9iueg7yh2ian,fake,frontal,facemask,non-binary
7ythahgt-7yhs-8wus-7tyh-17yhstgy73ia,real,profile,none,female
9yuawnhu-9ush-6ayh-5shy-9iueg7yh2ian,fake,frontal,facemask,non-binary
78uhgty6-3ygh-8ytf-g7ug-764gty8jut5y,real,frontal,hat,male
78uhgty6-3ygh-8ytf-g7ug-764gty8jut5y,real,frontal,hat,male
9yuawnhu-9ush-6ayh-5shy-9iueg7yh2ian,fake,frontal,facemask,non-binary
9yuawnhu-9ush-6ayh-5shy-9iueg7yh2ian,fake,frontal,facemask,non-binary
9yuawnhu-9ush-6ayh-5shy-9iueg7yh2ian,fake,frontal,facemask,non-binary
7ythahgt-7yhs-8wus-7tyh-17yhstgy73ia,real,profile,none,female
7ythahgt-7yhs-8wus-7tyh-17yhstgy73ia,real,profile,none,female
78uhgty6-3ygh-8ytf-g7ug-764gty8jut5y,real,frontal,hat,male
78uhgty6-3ygh-8ytf-g7ug-764gty8jut5y,real,frontal,hat,male
9yuawnhu-9ush-6ayh-5shy-9iueg7yh2ian,fake,frontal,facemask,non-binary
78uhgty6-3ygh-8ytf-g7ug-764gty8jut5y,real,frontal,hat,male
78uhgty6-3ygh-8ytf-g7ug-764gty8jut5y,real,frontal,hat,male
7ythahgt-7yhs-8wus-7tyh-17yhstgy73ia,real,profile,none,female
9yuawnhu-9ush-6ayh-5shy-9iueg7yh2ian,fake,frontal,facemask,non-binary
7ythahgt-7yhs-8wus-7tyh-17yhstgy73ia,real,profile,none,female
9yuawnhu-9ush-6ayh-5shy-9iueg7yh2ian,fake,frontal,facemask,non-binary
78uhgty6-3ygh-8ytf-g7ug-764gty8jut5y,real,frontal,hat,male
9yuawnhu-9ush-6ayh-5shy-9iueg7yh2ian,fake,frontal,facemask,non-binary
78uhgty6-3ygh-8ytf-g7ug-764gty8jut5y,real,frontal,hat,non-binary
7ythahgt-7yhs-8wus-7tyh-17yhstgy73ia,real,profile,none,female
9yuawnhu-9ush-6ayh-5shy-9iueg7yh2ian,fake,frontal,facemask,non-binary
78uhgty6-3ygh-8ytf-g7ug-764gty8jut5y,real,frontal,hat,male
7ythahgt-7yhs-8wus-7tyh-17yhstgy73ia,real,profile,none,female
7ythahgt-7yhs-8wus-7tyh-17yhstgy73ia,real,profile,none,female
9yuawnhu-9ush-6ayh-5shy-9iueg7yh2ian,fake,frontal,facemask,non-binary
7ythahgt-7yhs-8wus-7tyh-17yhstgy73ia,real,profile,none,female
78uhgty6-3ygh-8ytf-g7ug-764gty8jut5y,real,profile,hat,male
9yuawnhu-9ush-6ayh-5shy-9iueg7yh2ian,fake,frontal,facemask,non-binary
9yuawnhu-9ush-6ayh-5shy-9iueg7yh2ian,fake,frontal,facemask,non-binary
78uhgty6-3ygh-8ytf-g7ug-764gty8jut5y,real,frontal,hat,male
7ythahgt-7yhs-8wus-7tyh-17yhstgy73ia,real,profile,none,female
7ythahgt-7yhs-8wus-7tyh-17yhstgy73ia,real,profile,none,female
78uhgty6-3ygh-8ytf-g7ug-764gty8jut5y,real,frontal,hat,male
9yuawnhu-9ush-6ayh-5shy-9iueg7yh2ian,fake,frontal,facemask,non-binary
9yuawnhu-9ush-6ayh-5shy-9iueg7yh2ian,fake,frontal,facemask,non-binary
9yuawnhu-9ush-6ayh-5shy-9iueg7yh2ian,fake,frontal,facemask,non-binary
78uhgty6-3ygh-8ytf-g7ug-764gty8jut5y,real,frontal,hat,male
78uhgty6-3ygh-8ytf-g7ug-764gty8jut5y,real,frontal,hat,male
9yuawnhu-9ush-6ayh-5shy-9iueg7yh2ian,real,frontal,hat,male
9yuawnhu-9ush-6ayh-5shy-9iueg7yh2ian,fake,frontal,facemask,non-binary
7ythahgt-7yhs-8wus-7tyh-17yhstgy73ia,real,profile,none,female
9yuawnhu-9ush-6ayh-5shy-9iueg7yh2ian,fake,frontal,facemask,non-binary
9yuawnhu-9ush-6ayh-5shy-9iueg7yh2ian,fake,frontal,facemask,non-binary
9yuawnhu-9ush-6ayh-5shy-9iueg7yh2ian,fake,frontal,facemask,non-binary
9yuawnhu-9ush-6ayh-5shy-9iueg7yh2ian,fake,frontal,facemask,non-binary
7ythahgt-7yhs-8wus-7tyh-17yhstgy73ia,real,profile,none,male
7ythahgt-7yhs-8wus-7tyh-17yhstgy73ia,real,profile,hat,male
9yuawnhu-9ush-6ayh-5shy-9iueg7yh2ian,fake,frontal,facemask,non-binary
9yuawnhu-9ush-6ayh-5shy-9iueg7yh2ian,fake,frontal,facemask,non-binary
7ythahgt-7yhs-8wus-7tyh-17yhstgy73ia,real,profile,none,female
78uhgty6-3ygh-8ytf-g7ug-764gty8jut5y,real,frontal,hat,male
78uhgty6-3ygh-8ytf-g7ug-764gty8jut5y,real,frontal,hat,male
78uhgty6-3ygh-8ytf-g7ug-764gty8jut5y,real,profile,hat,male
9yuawnhu-9ush-6ayh-5shy-9iueg7yh2ian,fake,frontal,facemask,non-binary
78uhgty6-3ygh-8ytf-g7ug-764gty8jut5y,real,frontal,hat,male
78uhgty6-3ygh-8ytf-g7ug-764gty8jut5y,real,frontal,hat,male
9yuawnhu-9ush-6ayh-5shy-9iueg7yh2ian,fake,frontal,facemask,non-binary
7ythahgt-7yhs-8wus-7tyh-17yhstgy73ia,real,profile,none,female
78uhgty6-3ygh-8ytf-g7ug-764gty8jut5y,real,frontal,hat,male
9yuawnhu-9ush-6ayh-5shy-9iueg7yh2ian,fake,frontal,facemask,non-binary
9yuawnhu-9ush-6ayh-5shy-9iueg7yh2ian,real,frontal,facemask,non-binary
78uhgty6-3ygh-8ytf-g7ug-764gty8jut5y,real,frontal,hat,male
7ythahgt-7yhs-8wus-7tyh-17yhstgy73ia,real,profile,none,female
7ythahgt-7yhs-8wus-7tyh-17yhstgy73ia,real,profile,none,female
7ythahgt-7yhs-8wus-7tyh-17yhstgy73ia,real,frontal,hat,male
7ythahgt-7yhs-8wus-7tyh-17yhstgy73ia,real,profile,none,female
9yuawnhu-9ush-6ayh-5shy-9iueg7yh2ian,fake,frontal,facemask,non-binary
78uhgty6-3ygh-8ytf-g7ug-764gty8jut5y,fake,frontal,facemask,non-binary
9yuawnhu-9ush-6ayh-5shy-9iueg7yh2ian,fake,frontal,facemask,non-binary
78uhgty6-3ygh-8ytf-g7ug-764gty8jut5y,real,profile,hat,male
78uhgty6-3ygh-8ytf-g7ug-764gty8jut5y,fake,frontal,facemask,non-binary
9yuawnhu-9ush-6ayh-5shy-9iueg7yh2ian,real,frontal,facemask,male
9yuawnhu-9ush-6ayh-5shy-9iueg7yh2ian,fake,frontal,facemask,non-binary
9yuawnhu-9ush-6ayh-5shy-9iueg7yh2ian,fake,frontal,facemask,non-binary
78uhgty6-3ygh-8ytf-g7ug-764gty8jut5y,real,frontal,hat,male
9yuawnhu-9ush-6ayh-5shy-9iueg7yh2ian,fake,frontal,facemask,non-binary
9yuawnhu-9ush-6ayh-5shy-9iueg7yh2ian,fake,frontal,facemask,non-binary
7ythahgt-7yhs-8wus-7tyh-17yhstgy73ia,real,profile,none,female
78uhgty6-3ygh-8ytf-g7ug-764gty8jut5y,real,profile,hat,female
9yuawnhu-9ush-6ayh-5shy-9iueg7yh2ian,fake,frontal,facemask,non-binary
9yuawnhu-9ush-6ayh-5shy-9iueg7yh2ian,fake,frontal,facemask,non-binary
9yuawnhu-9ush-6ayh-5shy-9iueg7yh2ian,fake,frontal,facemask,non-binary
7ythahgt-7yhs-8wus-7tyh-17yhstgy73ia,real,profile,none,female
7ythahgt-7yhs-8wus-7tyh-17yhstgy73ia,real,profile,none,female
7ythahgt-7yhs-8wus-7tyh-17yhstgy73ia,real,profile,none,female
7ythahgt-7yhs-8wus-7tyh-17yhstgy73ia,real,profile,none,female
78uhgty6-3ygh-8ytf-g7ug-764gty8jut5y,real,frontal,hat,male
7ythahgt-7yhs-8wus-7tyh-17yhstgy73ia,real,profile,none,female
7ythahgt-7yhs-8wus-7tyh-17yhstgy73ia,real,frontal,hat,male
7ythahgt-7yhs-8wus-7tyh-17yhstgy73ia,real,profile,none,female
9yuawnhu-9ush-6ayh-5shy-9iueg7yh2ian,fake,frontal,facemask,non-binary
9yuawnhu-9ush-6ayh-5shy-9iueg7yh2ian,fake,frontal,facemask,non-binary
78uhgty6-3ygh-8ytf-g7ug-764gty8jut5y,real,frontal,hat,male
7ythahgt-7yhs-8wus-7tyh-17yhstgy73ia,real,profile,none,female
7ythahgt-7yhs-8wus-7tyh-17yhstgy73ia,real,profile,none,female
7ythahgt-7yhs-8wus-7tyh-17yhstgy73ia,real,profile,none,female
7ythahgt-7yhs-8wus-7tyh-17yhstgy73ia,real,profile,none,female
78uhgty6-3ygh-8ytf-g7ug-764gty8jut5y,real,frontal,hat,male
78uhgty6-3ygh-8ytf-g7ug-764gty8jut5y,real,frontal,hat,male
7ythahgt-7yhs-8wus-7tyh-17yhstgy73ia,real,profile,none,female
78uhgty6-3ygh-8ytf-g7ug-764gty8jut5y,real,frontal,hat,male
78uhgty6-3ygh-8ytf-g7ug-764gty8jut5y,real,frontal,hat,male
7ythahgt-7yhs-8wus-7tyh-17yhstgy73ia,real,profile,none,female
78uhgty6-3ygh-8ytf-g7ug-764gty8jut5y,fake,frontal,facemask,male
9yuawnhu-9ush-6ayh-5shy-9iueg7yh2ian,fake,frontal,facemask,non-binary
7ythahgt-7yhs-8wus-7tyh-17yhstgy73ia,real,profile,none,female
78uhgty6-3ygh-8ytf-g7ug-764gty8jut5y,real,frontal,hat,male
7ythahgt-7yhs-8wus-7tyh-17yhstgy73ia,real,profile,none,female
9yuawnhu-9ush-6ayh-5shy-9iueg7yh2ian,fake,frontal,facemask,non-binary
78uhgty6-3ygh-8ytf-g7ug-764gty8jut5y,real,frontal,hat,male
9yuawnhu-9ush-6ayh-5shy-9iueg7yh2ian,fake,frontal,facemask,non-binary
9yuawnhu-9ush-6ayh-5shy-9iueg7yh2ian,fake,frontal,facemask,non-binary
7ythahgt-7yhs-8wus-7tyh-17yhstgy73ia,real,profile,none,female
78uhgty6-3ygh-8ytf-g7ug-764gty8jut5y,real,frontal,hat,male
78uhgty6-3ygh-8ytf-g7ug-764gty8jut5y,fake,frontal,facemask,non-binary
7ythahgt-7yhs-8wus-7tyh-17yhstgy73ia,real,profile,none,female
7ythahgt-7yhs-8wus-7tyh-17yhstgy73ia,real,profile,none,female
9yuawnhu-9ush-6ayh-5shy-9iueg7yh2ian,fake,frontal,facemask,non-binary
9yuawnhu-9ush-6ayh-5shy-9iueg7yh2ian,fake,frontal,facemask,non-binary
9yuawnhu-9ush-6ayh-5shy-9iueg7yh2ian,fake,frontal,facemask,non-binary
9yuawnhu-9ush-6ayh-5shy-9iueg7yh2ian,fake,frontal,facemask,non-binary
9yuawnhu-9ush-6ayh-5shy-9iueg7yh2ian,fake,frontal,facemask,non-binary
78uhgty6-3ygh-8ytf-g7ug-764gty8jut5y,real,frontal,hat,male
9yuawnhu-9ush-6ayh-5shy-9iueg7yh2ian,fake,frontal,facemask,non-binary
9yuawnhu-9ush-6ayh-5shy-9iueg7yh2ian,fake,frontal,facemask,non-binary
7ythahgt-7yhs-8wus-7tyh-17yhstgy73ia,real,profile,none,male
9yuawnhu-9ush-6ayh-5shy-9iueg7yh2ian,fake,frontal,facemask,non-binary
7ythahgt-7yhs-8wus-7tyh-17yhstgy73ia,real,profile,none,female
7ythahgt-7yhs-8wus-7tyh-17yhstgy73ia,real,profile,none,female
7ythahgt-7yhs-8wus-7tyh-17yhstgy73ia,real,profile,none,female
9yuawnhu-9ush-6ayh-5shy-9iueg7yh2ian,fake,frontal,facemask,non-binary
78uhgty6-3ygh-8ytf-g7ug-764gty8jut5y,real,frontal,hat,male
9yuawnhu-9ush-6ayh-5shy-9iueg7yh2ian,fake,frontal,facemask,non-binary
9yuawnhu-9ush-6ayh-5shy-9iueg7yh2ian,fake,frontal,facemask,non-binary
9yuawnhu-9ush-6ayh-5shy-9iueg7yh2ian,fake,frontal,facemask,non-binary
7ythahgt-7yhs-8wus-7tyh-17yhstgy73ia,real,profile,none,female
7ythahgt-7yhs-8wus-7tyh-17yhstgy73ia,real,profile,none,female
9yuawnhu-9ush-6ayh-5shy-9iueg7yh2ian,fake,frontal,facemask,non-binary
7ythahgt-7yhs-8wus-7tyh-17yhstgy73ia,real,profile,none,female
78uhgty6-3ygh-8ytf-g7ug-764gty8jut5y,real,frontal,hat,male
78uhgty6-3ygh-8ytf-g7ug-764gty8jut5y,real,frontal,hat,male
7ythahgt-7yhs-8wus-7tyh-17yhstgy73ia,real,profile,none,female
9yuawnhu-9ush-6ayh-5shy-9iueg7yh2ian,fake,frontal,facemask,non-binary
78uhgty6-3ygh-8ytf-g7ug-764gty8jut5y,real,frontal,hat,male
7ythahgt-7yhs-8wus-7tyh-17yhstgy73ia,real,profile,none,female
9yuawnhu-9ush-6ayh-5shy-9iueg7yh2ian,fake,frontal,facemask,non-binary
78uhgty6-3ygh-8ytf-g7ug-764gty8jut5y,real,frontal,hat,male
9yuawnhu-9ush-6ayh-5shy-9iueg7yh2ian,fake,frontal,facemask,non-binary
9yuawnhu-9ush-6ayh-5shy-9iueg7yh2ian,fake,frontal,facemask,non-binary
78uhgty6-3ygh-8ytf-g7ug-764gty8jut5y,real,frontal,hat,male
78uhgty6-3ygh-8ytf-g7ug-764gty8jut5y,real,frontal,hat,male
9yuawnhu-9ush-6ayh-5shy-9iueg7yh2ian,fake,frontal,facemask,non-binary
7ythahgt-7yhs-8wus-7tyh-17yhstgy73ia,real,profile,none,female
9yuawnhu-9ush-6ayh-5shy-9iueg7yh2ian,fake,frontal,facemask,non-binary
7ythahgt-7yhs-8wus-7tyh-17yhstgy73ia,real,profile,none,female
78uhgty6-3ygh-8ytf-g7ug-764gty8jut5y,real,frontal,hat,male
78uhgty6-3ygh-8ytf-g7ug-764gty8jut5y,real,frontal,hat,male
9yuawnhu-9ush-6ayh-5shy-9iueg7yh2ian,fake,frontal,facemask,non-binary
7ythahgt-7yhs-8wus-7tyh-17yhstgy73ia,real,profile,none,female
78uhgty6-3ygh-8ytf-g7ug-764gty8jut5y,real,frontal,hat,male
7ythahgt-7yhs-8wus-7tyh-17yhstgy73ia,real,profile,none,female
78uhgty6-3ygh-8ytf-g7ug-764gty8jut5y,real,frontal,hat,male
78uhgty6-3ygh-8ytf-g7ug-764gty8jut5y,real,frontal,hat,male
78uhgty6-3ygh-8ytf-g7ug-764gty8jut5y,real,frontal,hat,male
9yuawnhu-9ush-6ayh-5shy-9iueg7yh2ian,fake,frontal,facemask,non-binary
9yuawnhu-9ush-6ayh-5shy-9iueg7yh2ian,fake,frontal,facemask,non-binary
7ythahgt-7yhs-8wus-7tyh-17yhstgy73ia,real,profile,none,female
78uhgty6-3ygh-8ytf-g7ug-764gty8jut5y,real,frontal,hat,male
78uhgty6-3ygh-8ytf-g7ug-764gty8jut5y,real,frontal,hat,male
9yuawnhu-9ush-6ayh-5shy-9iueg7yh2ian,fake,frontal,facemask,non-binary
78uhgty6-3ygh-8ytf-g7ug-764gty8jut5y,real,frontal,hat,female
9yuawnhu-9ush-6ayh-5shy-9iueg7yh2ian,fake,frontal,facemask,non-binary
9yuawnhu-9ush-6ayh-5shy-9iueg7yh2ian,fake,frontal,facemask,non-binary
7ythahgt-7yhs-8wus-7tyh-17yhstgy73ia,real,profile,none,female
9yuawnhu-9ush-6ayh-5shy-9iueg7yh2ian,fake,frontal,facemask,non-binary
7ythahgt-7yhs-8wus-7tyh-17yhstgy73ia,real,profile,none,female
7ythahgt-7yhs-8wus-7tyh-17yhstgy73ia,real,profile,none,female
9yuawnhu-9ush-6ayh-5shy-9iueg7yh2ian,fake,frontal,hat,non-binary
7ythahgt-7yhs-8wus-7tyh-17yhstgy73ia,real,profile,none,female
78uhgty6-3ygh-8ytf-g7ug-764gty8jut5y,real,frontal,hat,male
9yuawnhu-9ush-6ayh-5shy-9iueg7yh2ian,fake,frontal,facemask,male
7ythahgt-7yhs-8wus-7tyh-17yhstgy73ia,real,profile,none,female
78uhgty6-3ygh-8ytf-g7ug-764gty8jut5y,real,frontal,hat,male
7ythahgt-7yhs-8wus-7tyh-17yhstgy73ia,real,frontal,hat,male
7ythahgt-7yhs-8wus-7tyh-17yhstgy73ia,real,profile,none,female
9yuawnhu-9ush-6ayh-5shy-9iueg7yh2ian,fake,frontal,facemask,non-binary
78uhgty6-3ygh-8ytf-g7ug-764gty8jut5y,real,frontal,hat,male
78uhgty6-3ygh-8ytf-g7ug-764gty8jut5y,real,frontal,hat,male
7ythahgt-7yhs-8wus-7tyh-17yhstgy73ia,real,profile,none,female
9yuawnhu-9ush-6ayh-5shy-9iueg7yh2ian,fake,frontal,facemask,non-binary
7ythahgt-7yhs-8wus-7tyh-17yhstgy73ia,real,profile,none,female
7ythahgt-7yhs-8wus-7tyh-17yhstgy73ia,real,profile,none,female
9yuawnhu-9ush-6ayh-5shy-9iueg7yh2ian,fake,frontal,facemask,non-binary
9yuawnhu-9ush-6ayh-5shy-9iueg7yh2ian,fake,frontal,facemask,non-binary
78uhgty6-3ygh-8ytf-g7ug-764gty8jut5y,real,profile,hat,female
9yuawnhu-9ush-6ayh-5shy-9iueg7yh2ian,fake,frontal,facemask,non-binary
7ythahgt-7yhs-8wus-7tyh-17yhstgy73ia,real,profile,none,female
9yuawnhu-9ush-6ayh-5shy-9iueg7yh2ian,fake,frontal,facemask,non-binary
78uhgty6-3ygh-8ytf-g7ug-764gty8jut5y,real,frontal,hat,male
7ythahgt-7yhs-8wus-7tyh-17yhstgy73ia,real,profile,none,male
78uhgty6-3ygh-8ytf-g7ug-764gty8jut5y,real,frontal,facemask,male
78uhgty6-3ygh-8ytf-g7ug-764gty8jut5y,real,frontal,hat,male
7ythahgt-7yhs-8wus-7tyh-17yhstgy73ia,real,profile,none,male
9yuawnhu-9ush-6ayh-5shy-9iueg7yh2ian,fake,frontal,facemask,non-binary
9yuawnhu-9ush-6ayh-5shy-9iueg7yh2ian,fake,frontal,facemask,non-binary
7ythahgt-7yhs-8wus-7tyh-17yhstgy73ia,real,profile,none,female
7ythahgt-7yhs-8wus-7tyh-17yhstgy73ia,fake,profile,none,female
78uhgty6-3ygh-8ytf-g7ug-764gty8jut5y,real,frontal,none,male
7ythahgt-7yhs-8wus-7tyh-17yhstgy73ia,real,profile,none,female
7ythahgt-7yhs-8wus-7tyh-17yhstgy73ia,real,frontal,none,female
78uhgty6-3ygh-8ytf-g7ug-764gty8jut5y,fake,frontal,facemask,male
7ythahgt-7yhs-8wus-7tyh-17yhstgy73ia,real,profile,none,female
9yuawnhu-9ush-6ayh-5shy-9iueg7yh2ian,fake,frontal,facemask,non-binary
78uhgty6-3ygh-8ytf-g7ug-764gty8jut5y,real,frontal,hat,male
9yuawnhu-9ush-6ayh-5shy-9iueg7yh2ian,fake,frontal,facemask,non-binary
9yuawnhu-9ush-6ayh-5shy-9iueg7yh2ian,fake,frontal,facemask,non-binary
9yuawnhu-9ush-6ayh-5shy-9iueg7yh2ian,fake,frontal,facemask,non-binary
7ythahgt-7yhs-8wus-7tyh-17yhstgy73ia,real,profile,none,female
9yuawnhu-9ush-6ayh-5shy-9iueg7yh2ian,fake,frontal,facemask,non-binary
7ythahgt-7yhs-8wus-7tyh-17yhstgy73ia,real,profile,none,male
78uhgty6-3ygh-8ytf-g7ug-764gty8jut5y,real,frontal,hat,male
9yuawnhu-9ush-6ayh-5shy-9iueg7yh2ian,fake,frontal,facemask,non-binary
7ythahgt-7yhs-8wus-7tyh-17yhstgy73ia,real,profile,hat,female
9yuawnhu-9ush-6ayh-5shy-9iueg7yh2ian,fake,frontal,facemask,non-binary
7ythahgt-7yhs-8wus-7tyh-17yhstgy73ia,real,profile,none,female
9yuawnhu-9ush-6ayh-5shy-9iueg7yh2ian,fake,frontal,facemask,non-binary
78uhgty6-3ygh-8ytf-g7ug-764gty8jut5y,real,frontal,hat,male
9yuawnhu-9ush-6ayh-5shy-9iueg7yh2ian,fake,frontal,facemask,non-binary
7ythahgt-7yhs-8wus-7tyh-17yhstgy73ia,real,profile,none,female
7ythahgt-7yhs-8wus-7tyh-17yhstgy73ia,real,profile,none,female
9yuawnhu-9ush-6ayh-5shy-9iueg7yh2ian,real,frontal,facemask,male
7ythahgt-7yhs-8wus-7tyh-17yhstgy73ia,real,profile,none,female
9yuawnhu-9ush-6ayh-5shy-9iueg7yh2ian,fake,frontal,facemask,non-binary
78uhgty6-3ygh-8ytf-g7ug-764gty8jut5y,real,frontal,hat,male
9yuawnhu-9ush-6ayh-5shy-9iueg7yh2ian,fake,frontal,facemask,non-binary
7ythahgt-7yhs-8wus-7tyh-17yhstgy73ia,real,profile,none,female
78uhgty6-3ygh-8ytf-g7ug-764gty8jut5y,real,frontal,hat,male
7ythahgt-7yhs-8wus-7tyh-17yhstgy73ia,real,profile,none,female
7ythahgt-7yhs-8wus-7tyh-17yhstgy73ia,real,profile,none,female
78uhgty6-3ygh-8ytf-g7ug-764gty8jut5y,real,frontal,hat,male
7ythahgt-7yhs-8wus-7tyh-17yhstgy73ia,real,profile,hat,female
7ythahgt-7yhs-8wus-7tyh-17yhstgy73ia,real,profile,none,female
7ythahgt-7yhs-8wus-7tyh-17yhstgy73ia,real,profile,none,female
78uhgty6-3ygh-8ytf-g7ug-764gty8jut5y,real,frontal,hat,male
7ythahgt-7yhs-8wus-7tyh-17yhstgy73ia,real,profile,none,female
9yuawnhu-9ush-6ayh-5shy-9iueg7yh2ian,fake,frontal,facemask,non-binary
78uhgty6-3ygh-8ytf-g7ug-764gty8jut5y,real,frontal,hat,male
9yuawnhu-9ush-6ayh-5shy-9iueg7yh2ian,fake,frontal,facemask,non-binary
78uhgty6-3ygh-8ytf-g7ug-764gty8jut5y,real,frontal,none,male
9yuawnhu-9ush-6ayh-5shy-9iueg7yh2ian,fake,frontal,facemask,non-binary
9yuawnhu-9ush-6ayh-5shy-9iueg7yh2ian,fake,frontal,facemask,non-binary
7ythahgt-7yhs-8wus-7tyh-17yhstgy73ia,real,profile,none,female
7ythahgt-7yhs-8wus-7tyh-17yhstgy73ia,real,profile,none,female
7ythahgt-7yhs-8wus-7tyh-17yhstgy73ia,real,profile,none,female
9yuawnhu-9ush-6ayh-5shy-9iueg7yh2ian,fake,frontal,facemask,non-binary
78uhgty6-3ygh-8ytf-g7ug-764gty8jut5y,real,frontal,hat,male
78uhgty6-3ygh-8ytf-g7ug-764gty8jut5y,real,frontal,hat,male
7ythahgt-7yhs-8wus-7tyh-17yhstgy73ia,real,profile,none,female
78uhgty6-3ygh-8ytf-g7ug-764gty8jut5y,real,frontal,hat,male
78uhgty6-3ygh-8ytf-g7ug-764gty8jut5y,real,frontal,facemask,male
78uhgty6-3ygh-8ytf-g7ug-764gty8jut5y,real,frontal,hat,male
78uhgty6-3ygh-8ytf-g7ug-764gty8jut5y,real,frontal,hat,male
78uhgty6-3ygh-8ytf-g7ug-764gty8jut5y,real,profile,hat,male
78uhgty6-3ygh-8ytf-g7ug-764gty8jut5y,fake,frontal,hat,male
78uhgty6-3ygh-8ytf-g7ug-764gty8jut5y,real,frontal,hat,female
78uhgty6-3ygh-8ytf-g7ug-764gty8jut5y,real,frontal,hat,male
78uhgty6-3ygh-8ytf-g7ug-764gty8jut5y,real,frontal,hat,male
9yuawnhu-9ush-6ayh-5shy-9iueg7yh2ian,real,profile,none,female
9yuawnhu-9ush-6ayh-5shy-9iueg7yh2ian,fake,frontal,facemask,non-binary
7ythahgt-7yhs-8wus-7tyh-17yhstgy73ia,real,profile,none,female
78uhgty6-3ygh-8ytf-g7ug-764gty8jut5y,real,frontal,hat,male
9yuawnhu-9ush-6ayh-5shy-9iueg7yh2ian,fake,frontal,facemask,non-binary
7ythahgt-7yhs-8wus-7tyh-17yhstgy73ia,real,profile,none,female
7ythahgt-7yhs-8wus-7tyh-17yhstgy73ia,real,profile,none,female
78uhgty6-3ygh-8ytf-g7ug-764gty8jut5y,real,frontal,facemask,male
78uhgty6-3ygh-8ytf-g7ug-764gty8jut5y,real,frontal,hat,male
78uhgty6-3ygh-8ytf-g7ug-764gty8jut5y,real,frontal,hat,male
78uhgty6-3ygh-8ytf-g7ug-764gty8jut5y,real,frontal,hat,male
78uhgty6-3ygh-8ytf-g7ug-764gty8jut5y,real,frontal,hat,male
7ythahgt-7yhs-8wus-7tyh-17yhstgy73ia,real,profile,none,female
7ythahgt-7yhs-8wus-7tyh-17yhstgy73ia,real,profile,none,female
7ythahgt-7yhs-8wus-7tyh-17yhstgy73ia,real,profile,none,female
9yuawnhu-9ush-6ayh-5shy-9iueg7yh2ian,fake,frontal,facemask,non-binary
7ythahgt-7yhs-8wus-7tyh-17yhstgy73ia,real,profile,none,female
78uhgty6-3ygh-8ytf-g7ug-764gty8jut5y,real,frontal,hat,male
7ythahgt-7yhs-8wus-7tyh-17yhstgy73ia,real,profile,none,female
78uhgty6-3ygh-8ytf-g7ug-764gty8jut5y,real,profile,hat,male
9yuawnhu-9ush-6ayh-5shy-9iueg7yh2ian,fake,frontal,facemask,non-binary
9yuawnhu-9ush-6ayh-5shy-9iueg7yh2ian,fake,frontal,facemask,non-binary
7ythahgt-7yhs-8wus-7tyh-17yhstgy73ia,real,profile,none,female
9yuawnhu-9ush-6ayh-5shy-9iueg7yh2ian,fake,frontal,facemask,non-binary
9yuawnhu-9ush-6ayh-5shy-9iueg7yh2ian,fake,frontal,facemask,non-binary
9yuawnhu-9ush-6ayh-5shy-9iueg7yh2ian,fake,frontal,facemask,non-binary
7ythahgt-7yhs-8wus-7tyh-17yhstgy73ia,real,profile,none,female
9yuawnhu-9ush-6ayh-5shy-9iueg7yh2ian,fake,frontal,facemask,non-binary
9yuawnhu-9ush-6ayh-5shy-9iueg7yh2ian,fake,frontal,facemask,non-binary
7ythahgt-7yhs-8wus-7tyh-17yhstgy73ia,real,profile,none,female
78uhgty6-3ygh-8ytf-g7ug-764gty8jut5y,real,frontal,hat,male
9yuawnhu-9ush-6ayh-5shy-9iueg7yh2ian,fake,frontal,facemask,non-binary
7ythahgt-7yhs-8wus-7tyh-17yhstgy73ia,real,profile,none,female
9yuawnhu-9ush-6ayh-5shy-9iueg7yh2ian,fake,frontal,facemask,non-binary
9yuawnhu-9ush-6ayh-5shy-9iueg7yh2ian,fake,frontal,facemask,non-binary
7ythahgt-7yhs-8wus-7tyh-17yhstgy73ia,real,profile,none,female
78uhgty6-3ygh-8ytf-g7ug-764gty8jut5y,real,frontal,hat,male
78uhgty6-3ygh-8ytf-g7ug-764gty8jut5y,real,frontal,hat,male
78uhgty6-3ygh-8ytf-g7ug-764gty8jut5y,real,frontal,hat,male
78uhgty6-3ygh-8ytf-g7ug-764gty8jut5y,real,frontal,facemask,non-binary
78uhgty6-3ygh-8ytf-g7ug-764gty8jut5y,real,frontal,facemask,non-binary
9yuawnhu-9ush-6ayh-5shy-9iueg7yh2ian,fake,frontal,facemask,non-binary
78uhgty6-3ygh-8ytf-g7ug-764gty8jut5y,real,frontal,hat,male
7ythahgt-7yhs-8wus-7tyh-17yhstgy73ia,real,profile,none,female
9yuawnhu-9ush-6ayh-5shy-9iueg7yh2ian,fake,frontal,facemask,non-binary
7ythahgt-7yhs-8wus-7tyh-17yhstgy73ia,real,profile,none,female
7ythahgt-7yhs-8wus-7tyh-17yhstgy73ia,real,profile,none,female
9yuawnhu-9ush-6ayh-5shy-9iueg7yh2ian,fake,frontal,facemask,non-binary
7ythahgt-7yhs-8wus-7tyh-17yhstgy73ia,real,profile,none,female
78uhgty6-3ygh-8ytf-g7ug-764gty8jut5y,real,profile,none,female
9yuawnhu-9ush-6ayh-5shy-9iueg7yh2ian,fake,frontal,facemask,non-binary
7ythahgt-7yhs-8wus-7tyh-17yhstgy73ia,real,profile,none,female
78uhgty6-3ygh-8ytf-g7ug-764gty8jut5y,real,frontal,hat,male
9yuawnhu-9ush-6ayh-5shy-9iueg7yh2ian,fake,frontal,facemask,non-binary
9yuawnhu-9ush-6ayh-5shy-9iueg7yh2ian,real,frontal,hat,non-binary
9yuawnhu-9ush-6ayh-5shy-9iueg7yh2ian,fake,frontal,facemask,non-binary
7ythahgt-7yhs-8wus-7tyh-17yhstgy73ia,real,profile,hat,female
78uhgty6-3ygh-8ytf-g7ug-764gty8jut5y,fake,frontal,hat,male
78uhgty6-3ygh-8ytf-g7ug-764gty8jut5y,real,frontal,hat,male
7ythahgt-7yhs-8wus-7tyh-17yhstgy73ia,real,profile,none,female
78uhgty6-3ygh-8ytf-g7ug-764gty8jut5y,real,frontal,hat,male
78uhgty6-3ygh-8ytf-g7ug-764gty8jut5y,real,frontal,hat,male
9yuawnhu-9ush-6ayh-5shy-9iueg7yh2ian,fake,frontal,facemask,non-binary
78uhgty6-3ygh-8ytf-g7ug-764gty8jut5y,real,frontal,hat,male
9yuawnhu-9ush-6ayh-5shy-9iueg7yh2ian,real,frontal,facemask,non-binary
9yuawnhu-9ush-6ayh-5shy-9iueg7yh2ian,fake,frontal,facemask,non-binary
9yuawnhu-9ush-6ayh-5shy-9iueg7yh2ian,fake,frontal,facemask,non-binary
7ythahgt-7yhs-8wus-7tyh-17yhstgy73ia,real,profile,none,female
78uhgty6-3ygh-8ytf-g7ug-764gty8jut5y,real,frontal,hat,male
9yuawnhu-9ush-6ayh-5shy-9iueg7yh2ian,real,frontal,hat,male
78uhgty6-3ygh-8ytf-g7ug-764gty8jut5y,real,frontal,hat,male
7ythahgt-7yhs-8wus-7tyh-17yhstgy73ia,real,profile,none,female
7ythahgt-7yhs-8wus-7tyh-17yhstgy73ia,real,frontal,hat,female
78uhgty6-3ygh-8ytf-g7ug-764gty8jut5y,real,frontal,hat,male
9yuawnhu-9ush-6ayh-5shy-9iueg7yh2ian,fake,frontal,facemask,non-binary
7ythahgt-7yhs-8wus-7tyh-17yhstgy73ia,real,profile,none,female
9yuawnhu-9ush-6ayh-5shy-9iueg7yh2ian,fake,frontal,facemask,non-binary
78uhgty6-3ygh-8ytf-g7ug-764gty8jut5y,real,frontal,hat,male
9yuawnhu-9ush-6ayh-5shy-9iueg7yh2ian,fake,frontal,facemask,non-binary
78uhgty6-3ygh-8ytf-g7ug-764gty8jut5y,real,frontal,hat,male
7ythahgt-7yhs-8wus-7tyh-17yhstgy73ia,real,frontal,hat,male
9yuawnhu-9ush-6ayh-5shy-9iueg7yh2ian,fake,frontal,facemask,non-binary
7ythahgt-7yhs-8wus-7tyh-17yhstgy73ia,real,profile,none,female
9yuawnhu-9ush-6ayh-5shy-9iueg7yh2ian,fake,frontal,facemask,non-binary
9yuawnhu-9ush-6ayh-5shy-9iueg7yh2ian,fake,frontal,facemask,non-binary
7ythahgt-7yhs-8wus-7tyh-17yhstgy73ia,real,profile,none,female
7ythahgt-7yhs-8wus-7tyh-17yhstgy73ia,real,profile,none,female
7ythahgt-7yhs-8wus-7tyh-17yhstgy73ia,real,profile,none,female
9yuawnhu-9ush-6ayh-5shy-9iueg7yh2ian,fake,frontal,facemask,non-binary
9yuawnhu-9ush-6ayh-5shy-9iueg7yh2ian,fake,frontal,facemask,male
9yuawnhu-9ush-6ayh-5shy-9iueg7yh2ian,fake,frontal,facemask,non-binary
78uhgty6-3ygh-8ytf-g7ug-764gty8jut5y,real,frontal,hat,male
7ythahgt-7yhs-8wus-7tyh-17yhstgy73ia,real,profile,none,female
9yuawnhu-9ush-6ayh-5shy-9iueg7yh2ian,real,frontal,facemask,non-binary
7ythahgt-7yhs-8wus-7tyh-17yhstgy73ia,real,profile,none,female
78uhgty6-3ygh-8ytf-g7ug-764gty8jut5y,fake,frontal,facemask,male
7ythahgt-7yhs-8wus-7tyh-17yhstgy73ia,real,profile,none,male
9yuawnhu-9ush-6ayh-5shy-9iueg7yh2ian,fake,frontal,facemask,non-binary
9yuawnhu-9ush-6ayh-5shy-9iueg7yh2ian,fake,frontal,facemask,non-binary
9yuawnhu-9ush-6ayh-5shy-9iueg7yh2ian,fake,frontal,facemask,non-binary
9yuawnhu-9ush-6ayh-5shy-9iueg7yh2ian,fake,frontal,facemask,non-binary
7ythahgt-7yhs-8wus-7tyh-17yhstgy73ia,real,profile,none,female
78uhgty6-3ygh-8ytf-g7ug-764gty8jut5y,real,frontal,facemask,male
9yuawnhu-9ush-6ayh-5shy-9iueg7yh2ian,fake,frontal,facemask,non-binary
7ythahgt-7yhs-8wus-7tyh-17yhstgy73ia,real,profile,none,female
9yuawnhu-9ush-6ayh-5shy-9iueg7yh2ian,fake,frontal,facemask,non-binary
9yuawnhu-9ush-6ayh-5shy-9iueg7yh2ian,fake,frontal,facemask,non-binary
9yuawnhu-9ush-6ayh-5shy-9iueg7yh2ian,fake,frontal,facemask,non-binary
78uhgty6-3ygh-8ytf-g7ug-764gty8jut5y,real,frontal,hat,male
9yuawnhu-9ush-6ayh-5shy-9iueg7yh2ian,fake,frontal,facemask,non-binary
9yuawnhu-9ush-6ayh-5shy-9iueg7yh2ian,fake,frontal,facemask,non-binary
78uhgty6-3ygh-8ytf-g7ug-764gty8jut5y,real,frontal,hat,male
9yuawnhu-9ush-6ayh-5shy-9iueg7yh2ian,fake,frontal,facemask,non-binary
9yuawnhu-9ush-6ayh-5shy-9iueg7yh2ian,fake,frontal,facemask,non-binary
9yuawnhu-9ush-6ayh-5shy-9iueg7yh2ian,fake,frontal,facemask,non-binary
78uhgty6-3ygh-8ytf-g7ug-764gty8jut5y,real,frontal,hat,male
7ythahgt-7yhs-8wus-7tyh-17yhstgy73ia,real,profile,none,female
9yuawnhu-9ush-6ayh-5shy-9iueg7yh2ian,fake,frontal,facemask,non-binary
7ythahgt-7yhs-8wus-7tyh-17yhstgy73ia,real,profile,none,female
7ythahgt-7yhs-8wus-7tyh-17yhstgy73ia,real,profile,none,female
78uhgty6-3ygh-8ytf-g7ug-764gty8jut5y,real,frontal,hat,male
9yuawnhu-9ush-6ayh-5shy-9iueg7yh2ian,fake,frontal,facemask,non-binary
7ythahgt-7yhs-8wus-7tyh-17yhstgy73ia,real,profile,none,female
7ythahgt-7yhs-8wus-7tyh-17yhstgy73ia,real,profile,none,female
7ythahgt-7yhs-8wus-7tyh-17yhstgy73ia,real,profile,none,female
78uhgty6-3ygh-8ytf-g7ug-764gty8jut5y,real,profile,none,female
78uhgty6-3ygh-8ytf-g7ug-764gty8jut5y,real,frontal,facemask,male
7ythahgt-7yhs-8wus-7tyh-17yhstgy73ia,real,profile,none,female
7ythahgt-7yhs-8wus-7tyh-17yhstgy73ia,real,profile,none,female
9yuawnhu-9ush-6ayh-5shy-9iueg7yh2ian,fake,frontal,facemask,non-binary
9yuawnhu-9ush-6ayh-5shy-9iueg7yh2ian,fake,frontal,facemask,non-binary
9yuawnhu-9ush-6ayh-5shy-9iueg7yh2ian,fake,frontal,facemask,non-binary
78uhgty6-3ygh-8ytf-g7ug-764gty8jut5y,real,frontal,hat,male
78uhgty6-3ygh-8ytf-g7ug-764gty8jut5y,real,frontal,hat,non-binary
78uhgty6-3ygh-8ytf-g7ug-764gty8jut5y,real,frontal,hat,male
78uhgty6-3ygh-8ytf-g7ug-764gty8jut5y,real,frontal,hat,female
9yuawnhu-9ush-6ayh-5shy-9iueg7yh2ian,fake,frontal,facemask,non-binary
78uhgty6-3ygh-8ytf-g7ug-764gty8jut5y,real,frontal,hat,male
7ythahgt-7yhs-8wus-7tyh-17yhstgy73ia,real,profile,none,male
9yuawnhu-9ush-6ayh-5shy-9iueg7yh2ian,fake,frontal,facemask,non-binary
7ythahgt-7yhs-8wus-7tyh-17yhstgy73ia,real,profile,none,female
7ythahgt-7yhs-8wus-7tyh-17yhstgy73ia,real,profile,none,female
7ythahgt-7yhs-8wus-7tyh-17yhstgy73ia,real,profile,none,female
7ythahgt-7yhs-8wus-7tyh-17yhstgy73ia,real,profile,none,female
7ythahgt-7yhs-8wus-7tyh-17yhstgy73ia,real,profile,none,female
7ythahgt-7yhs-8wus-7tyh-17yhstgy73ia,real,profile,none,female
78uhgty6-3ygh-8ytf-g7ug-764gty8jut5y,real,frontal,hat,male
78uhgty6-3ygh-8ytf-g7ug-764gty8jut5y,real,frontal,hat,male
9yuawnhu-9ush-6ayh-5shy-9iueg7yh2ian,fake,frontal,facemask,non-binary
78uhgty6-3ygh-8ytf-g7ug-764gty8jut5y,real,frontal,hat,non-binary
9yuawnhu-9ush-6ayh-5shy-9iueg7yh2ian,fake,frontal,facemask,non-binary
78uhgty6-3ygh-8ytf-g7ug-764gty8jut5y,real,frontal,hat,male
78uhgty6-3ygh-8ytf-g7ug-764gty8jut5y,real,frontal,hat,male
9yuawnhu-9ush-6ayh-5shy-9iueg7yh2ian,fake,frontal,facemask,non-binary
78uhgty6-3ygh-8ytf-g7ug-764gty8jut5y,real,frontal,hat,male
9yuawnhu-9ush-6ayh-5shy-9iueg7yh2ian,fake,frontal,facemask,non-binary
7ythahgt-7yhs-8wus-7tyh-17yhstgy73ia,real,profile,none,female
78uhgty6-3ygh-8ytf-g7ug-764gty8jut5y,real,frontal,hat,male
7ythahgt-7yhs-8wus-7tyh-17yhstgy73ia,real,profile,none,female
7ythahgt-7yhs-8wus-7tyh-17yhstgy73ia,real,profile,none,female
78uhgty6-3ygh-8ytf-g7ug-764gty8jut5y,real,frontal,hat,male
7ythahgt-7yhs-8wus-7tyh-17yhstgy73ia,real,profile,none,female
9yuawnhu-9ush-6ayh-5shy-9iueg7yh2ian,fake,frontal,facemask,non-binary
7ythahgt-7yhs-8wus-7tyh-17yhstgy73ia,real,profile,none,female
78uhgty6-3ygh-8ytf-g7ug-764gty8jut5y,real,frontal,hat,male
9yuawnhu-9ush-6ayh-5shy-9iueg7yh2ian,fake,frontal,facemask,non-binary
78uhgty6-3ygh-8ytf-g7ug-764gty8jut5y,real,frontal,hat,male
78uhgty6-3ygh-8ytf-g7ug-764gty8jut5y,real,frontal,hat,male
7ythahgt-7yhs-8wus-7tyh-17yhstgy73ia,real,profile,none,female
78uhgty6-3ygh-8ytf-g7ug-764gty8jut5y,real,frontal,hat,male
7ythahgt-7yhs-8wus-7tyh-17yhstgy73ia,real,profile,none,female
78uhgty6-3ygh-8ytf-g7ug-764gty8jut5y,fake,frontal,hat,female
9yuawnhu-9ush-6ayh-5shy-9iueg7yh2ian,fake,frontal,facemask,non-binary
78uhgty6-3ygh-8ytf-g7ug-764gty8jut5y,real,frontal,hat,male
78uhgty6-3ygh-8ytf-g7ug-764gty8jut5y,real,frontal,hat,male
78uhgty6-3ygh-8ytf-g7ug-764gty8jut5y,real,frontal,hat,male
78uhgty6-3ygh-8ytf-g7ug-764gty8jut5y,real,frontal,hat,male
7ythahgt-7yhs-8wus-7tyh-17yhstgy73ia,real,profile,none,female
7ythahgt-7yhs-8wus-7tyh-17yhstgy73ia,real,profile,none,female
78uhgty6-3ygh-8ytf-g7ug-764gty8jut5y,real,frontal,hat,male
9yuawnhu-9ush-6ayh-5shy-9iueg7yh2ian,real,frontal,hat,male
9yuawnhu-9ush-6ayh-5shy-9iueg7yh2ian,fake,frontal,facemask,male
78uhgty6-3ygh-8ytf-g7ug-764gty8jut5y,real,frontal,hat,male
9yuawnhu-9ush-6ayh-5shy-9iueg7yh2ian,fake,frontal,facemask,non-binary
9yuawnhu-9ush-6ayh-5shy-9iueg7yh2ian,fake,frontal,facemask,non-binary
9yuawnhu-9ush-6ayh-5shy-9iueg7yh2ian,fake,frontal,facemask,non-binary
7ythahgt-7yhs-8wus-7tyh-17yhstgy73ia,real,profile,none,female
9yuawnhu-9ush-6ayh-5shy-9iueg7yh2ian,fake,frontal,facemask,non-binary
78uhgty6-3ygh-8ytf-g7ug-764gty8jut5y,fake,frontal,facemask,non-binary
9yuawnhu-9ush-6ayh-5shy-9iueg7yh2ian,fake,frontal,facemask,non-binary
9yuawnhu-9ush-6ayh-5shy-9iueg7yh2ian,fake,frontal,facemask,non-binary
78uhgty6-3ygh-8ytf-g7ug-764gty8jut5y,real,frontal,hat,male
9yuawnhu-9ush-6ayh-5shy-9iueg7yh2ian,fake,frontal,facemask,non-binary
9yuawnhu-9ush-6ayh-5shy-9iueg7yh2ian,fake,frontal,facemask,non-binary
7ythahgt-7yhs-8wus-7tyh-17yhstgy73ia,real,profile,none,female
9yuawnhu-9ush-6ayh-5shy-9iueg7yh2ian,fake,frontal,facemask,non-binary
7ythahgt-7yhs-8wus-7tyh-17yhstgy73ia,real,profile,none,female
78uhgty6-3ygh-8ytf-g7ug-764gty8jut5y,real,frontal,hat,male
9yuawnhu-9ush-6ayh-5shy-9iueg7yh2ian,fake,frontal,facemask,non-binary
78uhgty6-3ygh-8ytf-g7ug-764gty8jut5y,fake,frontal,hat,male
7ythahgt-7yhs-8wus-7tyh-17yhstgy73ia,real,frontal,none,male
7ythahgt-7yhs-8wus-7tyh-17yhstgy73ia,real,profile,none,female
9yuawnhu-9ush-6ayh-5shy-9iueg7yh2ian,fake,frontal,facemask,non-binary
7ythahgt-7yhs-8wus-7tyh-17yhstgy73ia,real,profile,none,female
7ythahgt-7yhs-8wus-7tyh-17yhstgy73ia,real,profile,none,female
78uhgty6-3ygh-8ytf-g7ug-764gty8jut5y,real,frontal,hat,male
7ythahgt-7yhs-8wus-7tyh-17yhstgy73ia,real,profile,none,female
78uhgty6-3ygh-8ytf-g7ug-764gty8jut5y,real,frontal,hat,male
78uhgty6-3ygh-8ytf-g7ug-764gty8jut5y,real,frontal,hat,male
78uhgty6-3ygh-8ytf-g7ug-764gty8jut5y,real,frontal,hat,male
9yuawnhu-9ush-6ayh-5shy-9iueg7yh2ian,fake,frontal,facemask,non-binary
9yuawnhu-9ush-6ayh-5shy-9iueg7yh2ian,fake,frontal,facemask,non-binary
7ythahgt-7yhs-8wus-7tyh-17yhstgy73ia,real,profile,none,female
9yuawnhu-9ush-6ayh-5shy-9iueg7yh2ian,fake,frontal,facemask,non-binary
7ythahgt-7yhs-8wus-7tyh-17yhstgy73ia,real,profile,none,female
9yuawnhu-9ush-6ayh-5shy-9iueg7yh2ian,fake,frontal,facemask,non-binary
7ythahgt-7yhs-8wus-7tyh-17yhstgy73ia,real,profile,none,female
7ythahgt-7yhs-8wus-7tyh-17yhstgy73ia,real,profile,none,female
7ythahgt-7yhs-8wus-7tyh-17yhstgy73ia,real,profile,none,female
9yuawnhu-9ush-6ayh-5shy-9iueg7yh2ian,fake,frontal,facemask,non-binary
7ythahgt-7yhs-8wus-7tyh-17yhstgy73ia,real,profile,none,female
9yuawnhu-9ush-6ayh-5shy-9iueg7yh2ian,fake,frontal,facemask,non-binary
78uhgty6-3ygh-8ytf-g7ug-764gty8jut5y,real,frontal,hat,male
78uhgty6-3ygh-8ytf-g7ug-764gty8jut5y,real,frontal,hat,male
7ythahgt-7yhs-8wus-7tyh-17yhstgy73ia,real,profile,none,female
7ythahgt-7yhs-8wus-7tyh-17yhstgy73ia,real,frontal,none,male
9yuawnhu-9ush-6ayh-5shy-9iueg7yh2ian,fake,frontal,facemask,non-binary
7ythahgt-7yhs-8wus-7tyh-17yhstgy73ia,real,profile,none,female
78uhgty6-3ygh-8ytf-g7ug-764gty8jut5y,real,frontal,hat,male
78uhgty6-3ygh-8ytf-g7ug-764gty8jut5y,real,frontal,hat,male
9yuawnhu-9ush-6ayh-5shy-9iueg7yh2ian,fake,frontal,facemask,non-binary
9yuawnhu-9ush-6ayh-5shy-9iueg7yh2ian,fake,frontal,facemask,non-binary
9yuawnhu-9ush-6ayh-5shy-9iueg7yh2ian,real,frontal,facemask,male
78uhgty6-3ygh-8ytf-g7ug-764gty8jut5y,real,frontal,hat,male
9yuawnhu-9ush-6ayh-5shy-9iueg7yh2ian,fake,frontal,facemask,non-binary
78uhgty6-3ygh-8ytf-g7ug-764gty8jut5y,real,frontal,facemask,male
7ythahgt-7yhs-8wus-7tyh-17yhstgy73ia,real,profile,none,female
7ythahgt-7yhs-8wus-7tyh-17yhstgy73ia,real,frontal,none,male
78uhgty6-3ygh-8ytf-g7ug-764gty8jut5y,real,profile,none,female
7ythahgt-7yhs-8wus-7tyh-17yhstgy73ia,real,profile,none,female
78uhgty6-3ygh-8ytf-g7ug-764gty8jut5y,real,frontal,hat,male
78uhgty6-3ygh-8ytf-g7ug-764gty8jut5y,real,frontal,hat,male
7ythahgt-7yhs-8wus-7tyh-17yhstgy73ia,real,profile,none,female
7ythahgt-7yhs-8wus-7tyh-17yhstgy73ia,real,profile,none,male
78uhgty6-3ygh-8ytf-g7ug-764gty8jut5y,real,frontal,hat,male
9yuawnhu-9ush-6ayh-5shy-9iueg7yh2ian,fake,frontal,facemask,non-binary
78uhgty6-3ygh-8ytf-g7ug-764gty8jut5y,real,frontal,hat,male
7ythahgt-7yhs-8wus-7tyh-17yhstgy73ia,real,profile,none,female
9yuawnhu-9ush-6ayh-5shy-9iueg7yh2ian,fake,frontal,hat,non-binary
7ythahgt-7yhs-8wus-7tyh-17yhstgy73ia,real,profile,none,female
7ythahgt-7yhs-8wus-7tyh-17yhstgy73ia,real,profile,none,female
9yuawnhu-9ush-6ayh-5shy-9iueg7yh2ian,fake,frontal,hat,non-binary
78uhgty6-3ygh-8ytf-g7ug-764gty8jut5y,real,frontal,hat,female
78uhgty6-3ygh-8ytf-g7ug-764gty8jut5y,real,profile,hat,male
7ythahgt-7yhs-8wus-7tyh-17yhstgy73ia,real,profile,none,female
9yuawnhu-9ush-6ayh-5shy-9iueg7yh2ian,fake,frontal,facemask,non-binary
9yuawnhu-9ush-6ayh-5shy-9iueg7yh2ian,real,frontal,hat,male
7ythahgt-7yhs-8wus-7tyh-17yhstgy73ia,real,profile,none,female
7ythahgt-7yhs-8wus-7tyh-17yhstgy73ia,real,profile,none,female
78uhgty6-3ygh-8ytf-g7ug-764gty8jut5y,real,frontal,hat,male
78uhgty6-3ygh-8ytf-g7ug-764gty8jut5y,real,frontal,hat,male
7ythahgt-7yhs-8wus-7tyh-17yhstgy73ia,real,profile,none,female
78uhgty6-3ygh-8ytf-g7ug-764gty8jut5y,real,frontal,hat,male
7ythahgt-7yhs-8wus-7tyh-17yhstgy73ia,real,profile,none,female
7ythahgt-7yhs-8wus-7tyh-17yhstgy73ia,real,profile,none,female
9yuawnhu-9ush-6ayh-5shy-9iueg7yh2ian,fake,frontal,facemask,non-binary
78uhgty6-3ygh-8ytf-g7ug-764gty8jut5y,real,frontal,hat,male
78uhgty6-3ygh-8ytf-g7ug-764gty8jut5y,real,frontal,none,female
7ythahgt-7yhs-8wus-7tyh-17yhstgy73ia,real,profile,none,female
9yuawnhu-9ush-6ayh-5shy-9iueg7yh2ian,fake,frontal,facemask,non-binary
7ythahgt-7yhs-8wus-7tyh-17yhstgy73ia,real,profile,none,female
78uhgty6-3ygh-8ytf-g7ug-764gty8jut5y,real,frontal,hat,male
7ythahgt-7yhs-8wus-7tyh-17yhstgy73ia,real,profile,none,female
7ythahgt-7yhs-8wus-7tyh-17yhstgy73ia,real,profile,none,female
9yuawnhu-9ush-6ayh-5shy-9iueg7yh2ian,fake,frontal,facemask,non-binary
78uhgty6-3ygh-8ytf-g7ug-764gty8jut5y,real,frontal,hat,male
9yuawnhu-9ush-6ayh-5shy-9iueg7yh2ian,fake,frontal,facemask,non-binary
7ythahgt-7yhs-8wus-7tyh-17yhstgy73ia,real,profile,none,male
9yuawnhu-9ush-6ayh-5shy-9iueg7yh2ian,fake,frontal,facemask,non-binary
9yuawnhu-9ush-6ayh-5shy-9iueg7yh2ian,fake,frontal,facemask,non-binary
9yuawnhu-9ush-6ayh-5shy-9iueg7yh2ian,fake,frontal,facemask,non-binary
78uhgty6-3ygh-8ytf-g7ug-764gty8jut5y,real,profile,hat,female
78uhgty6-3ygh-8ytf-g7ug-764gty8jut5y,real,frontal,hat,male
78uhgty6-3ygh-8ytf-g7ug-764gty8jut5y,real,frontal,hat,male
7ythahgt-7yhs-8wus-7tyh-17yhstgy73ia,real,profile,none,female
7ythahgt-7yhs-8wus-7tyh-17yhstgy73ia,real,profile,none,female
78uhgty6-3ygh-8ytf-g7ug-764gty8jut5y,real,frontal,hat,male
78uhgty6-3ygh-8ytf-g7ug-764gty8jut5y,real,frontal,hat,male
78uhgty6-3ygh-8ytf-g7ug-764gty8jut5y,real,frontal,hat,male
9yuawnhu-9ush-6ayh-5shy-9iueg7yh2ian,fake,frontal,facemask,non-binary
7ythahgt-7yhs-8wus-7tyh-17yhstgy73ia,real,profile,none,female
9yuawnhu-9ush-6ayh-5shy-9iueg7yh2ian,fake,frontal,facemask,non-binary
7ythahgt-7yhs-8wus-7tyh-17yhstgy73ia,real,profile,none,female
78uhgty6-3ygh-8ytf-g7ug-764gty8jut5y,real,frontal,hat,male
9yuawnhu-9ush-6ayh-5shy-9iueg7yh2ian,fake,frontal,facemask,non-binary
9yuawnhu-9ush-6ayh-5shy-9iueg7yh2ian,fake,frontal,facemask,non-binary
9yuawnhu-9ush-6ayh-5shy-9iueg7yh2ian,fake,frontal,facemask,non-binary
78uhgty6-3ygh-8ytf-g7ug-764gty8jut5y,real,frontal,hat,male
7ythahgt-7yhs-8wus-7tyh-17yhstgy73ia,real,profile,hat,male
78uhgty6-3ygh-8ytf-g7ug-764gty8jut5y,real,frontal,hat,male
7ythahgt-7yhs-8wus-7tyh-17yhstgy73ia,real,profile,none,female
9yuawnhu-9ush-6ayh-5shy-9iueg7yh2ian,fake,frontal,facemask,non-binary
78uhgty6-3ygh-8ytf-g7ug-764gty8jut5y,real,frontal,hat,non-binary
9yuawnhu-9ush-6ayh-5shy-9iueg7yh2ian,fake,frontal,facemask,non-binary
7ythahgt-7yhs-8wus-7tyh-17yhstgy73ia,real,profile,none,female
78uhgty6-3ygh-8ytf-g7ug-764gty8jut5y,real,frontal,hat,male
78uhgty6-3ygh-8ytf-g7ug-764gty8jut5y,real,frontal,hat,male
9yuawnhu-9ush-6ayh-5shy-9iueg7yh2ian,fake,frontal,facemask,non-binary
9yuawnhu-9ush-6ayh-5shy-9iueg7yh2ian,fake,frontal,facemask,non-binary
78uhgty6-3ygh-8ytf-g7ug-764gty8jut5y,real,frontal,hat,male
7ythahgt-7yhs-8wus-7tyh-17yhstgy73ia,real,profile,none,female
7ythahgt-7yhs-8wus-7tyh-17yhstgy73ia,real,profile,none,female
9yuawnhu-9ush-6ayh-5shy-9iueg7yh2ian,fake,frontal,facemask,non-binary
9yuawnhu-9ush-6ayh-5shy-9iueg7yh2ian,fake,frontal,facemask,non-binary
7ythahgt-7yhs-8wus-7tyh-17yhstgy73ia,real,profile,none,female
9yuawnhu-9ush-6ayh-5shy-9iueg7yh2ian,fake,frontal,facemask,non-binary
7ythahgt-7yhs-8wus-7tyh-17yhstgy73ia,real,profile,none,female
7ythahgt-7yhs-8wus-7tyh-17yhstgy73ia,real,profile,hat,female
7ythahgt-7yhs-8wus-7tyh-17yhstgy73ia,real,profile,none,female
78uhgty6-3ygh-8ytf-g7ug-764gty8jut5y,real,frontal,hat,male
7ythahgt-7yhs-8wus-7tyh-17yhstgy73ia,real,profile,none,female
9yuawnhu-9ush-6ayh-5shy-9iueg7yh2ian,fake,frontal,facemask,non-binary
7ythahgt-7yhs-8wus-7tyh-17yhstgy73ia,real,profile,none,female
9yuawnhu-9ush-6ayh-5shy-9iueg7yh2ian,fake,frontal,facemask,non-binary
7ythahgt-7yhs-8wus-7tyh-17yhstgy73ia,real,profile,none,female
78uhgty6-3ygh-8ytf-g7ug-764gty8jut5y,real,frontal,hat,male
9yuawnhu-9ush-6ayh-5shy-9iueg7yh2ian,fake,frontal,facemask,non-binary
7ythahgt-7yhs-8wus-7tyh-17yhstgy73ia,real,profile,none,female
9yuawnhu-9ush-6ayh-5shy-9iueg7yh2ian,fake,frontal,facemask,non-binary
78uhgty6-3ygh-8ytf-g7ug-764gty8jut5y,fake,frontal,hat,non-binary
7ythahgt-7yhs-8wus-7tyh-17yhstgy73ia,real,profile,none,female
9yuawnhu-9ush-6ayh-5shy-9iueg7yh2ian,fake,frontal,facemask,non-binary
7ythahgt-7yhs-8wus-7tyh-17yhstgy73ia,real,profile,none,female
9yuawnhu-9ush-6ayh-5shy-9iueg7yh2ian,fake,frontal,facemask,non-binary
78uhgty6-3ygh-8ytf-g7ug-764gty8jut5y,real,frontal,hat,male
7ythahgt-7yhs-8wus-7tyh-17yhstgy73ia,real,profile,none,female
78uhgty6-3ygh-8ytf-g7ug-764gty8jut5y,real,frontal,hat,male
7ythahgt-7yhs-8wus-7tyh-17yhstgy73ia,real,profile,none,male
9yuawnhu-9ush-6ayh-5shy-9iueg7yh2ian,fake,frontal,hat,male
9yuawnhu-9ush-6ayh-5shy-9iueg7yh2ian,fake,frontal,facemask,non-binary
78uhgty6-3ygh-8ytf-g7ug-764gty8jut5y,real,frontal,hat,male
7ythahgt-7yhs-8wus-7tyh-17yhstgy73ia,real,profile,none,female
7ythahgt-7yhs-8wus-7tyh-17yhstgy73ia,real,profile,none,female
9yuawnhu-9ush-6ayh-5shy-9iueg7yh2ian,fake,frontal,facemask,non-binary
78uhgty6-3ygh-8ytf-g7ug-764gty8jut5y,real,frontal,hat,male
7ythahgt-7yhs-8wus-7tyh-17yhstgy73ia,real,profile,none,female
9yuawnhu-9ush-6ayh-5shy-9iueg7yh2ian,fake,frontal,facemask,non-binary
7ythahgt-7yhs-8wus-7tyh-17yhstgy73ia,real,profile,none,female
78uhgty6-3ygh-8ytf-g7ug-764gty8jut5y,real,frontal,facemask,male
9yuawnhu-9ush-6ayh-5shy-9iueg7yh2ian,real,frontal,hat,non-binary
78uhgty6-3ygh-8ytf-g7ug-764gty8jut5y,real,frontal,hat,male
9yuawnhu-9ush-6ayh-5shy-9iueg7yh2ian,fake,frontal,facemask,non-binary
7ythahgt-7yhs-8wus-7tyh-17yhstgy73ia,real,profile,none,female
78uhgty6-3ygh-8ytf-g7ug-764gty8jut5y,real,frontal,hat,male
7ythahgt-7yhs-8wus-7tyh-17yhstgy73ia,real,profile,none,male
7ythahgt-7yhs-8wus-7tyh-17yhstgy73ia,real,profile,none,female
7ythahgt-7yhs-8wus-7tyh-17yhstgy73ia,real,frontal,none,male
7ythahgt-7yhs-8wus-7tyh-17yhstgy73ia,real,profile,none,female
7ythahgt-7yhs-8wus-7tyh-17yhstgy73ia,real,profile,none,female
7ythahgt-7yhs-8wus-7tyh-17yhstgy73ia,real,profile,none,female
78uhgty6-3ygh-8ytf-g7ug-764gty8jut5y,real,frontal,hat,male
78uhgty6-3ygh-8ytf-g7ug-764gty8jut5y,real,frontal,hat,male
78uhgty6-3ygh-8ytf-g7ug-764gty8jut5y,real,frontal,hat,male
9yuawnhu-9ush-6ayh-5shy-9iueg7yh2ian,fake,frontal,facemask,non-binary
7ythahgt-7yhs-8wus-7tyh-17yhstgy73ia,real,profile,hat,female
78uhgty6-3ygh-8ytf-g7ug-764gty8jut5y,real,frontal,hat,male
9yuawnhu-9ush-6ayh-5shy-9iueg7yh2ian,fake,frontal,facemask,non-binary
9yuawnhu-9ush-6ayh-5shy-9iueg7yh2ian,real,frontal,facemask,non-binary
9yuawnhu-9ush-6ayh-5shy-9iueg7yh2ian,fake,frontal,facemask,non-binary
7ythahgt-7yhs-8wus-7tyh-17yhstgy73ia,real,profile,none,female
7ythahgt-7yhs-8wus-7tyh-17yhstgy73ia,real,profile,none,female
7ythahgt-7yhs-8wus-7tyh-17yhstgy73ia,real,profile,none,female
78uhgty6-3ygh-8ytf-g7ug-764gty8jut5y,real,frontal,hat,male
7ythahgt-7yhs-8wus-7tyh-17yhstgy73ia,real,profile,none,female
7ythahgt-7yhs-8wus-7tyh-17yhstgy73ia,real,profile,none,female
7ythahgt-7yhs-8wus-7tyh-17yhstgy73ia,real,profile,none,female
78uhgty6-3ygh-8ytf-g7ug-764gty8jut5y,real,frontal,hat,male
7ythahgt-7yhs-8wus-7tyh-17yhstgy73ia,real,profile,none,female
9yuawnhu-9ush-6ayh-5shy-9iueg7yh2ian,fake,frontal,facemask,non-binary
7ythahgt-7yhs-8wus-7tyh-17yhstgy73ia,real,profile,none,female
78uhgty6-3ygh-8ytf-g7ug-764gty8jut5y,real,frontal,hat,male
7ythahgt-7yhs-8wus-7tyh-17yhstgy73ia,real,profile,none,female
7ythahgt-7yhs-8wus-7tyh-17yhstgy73ia,real,profile,none,female
7ythahgt-7yhs-8wus-7tyh-17yhstgy73ia,real,frontal,none,female
78uhgty6-3ygh-8ytf-g7ug-764gty8jut5y,real,profile,none,female
9yuawnhu-9ush-6ayh-5shy-9iueg7yh2ian,fake,frontal,facemask,non-binary
7ythahgt-7yhs-8wus-7tyh-17yhstgy73ia,real,profile,none,female
9yuawnhu-9ush-6ayh-5shy-9iueg7yh2ian,fake,frontal,facemask,non-binary
7ythahgt-7yhs-8wus-7tyh-17yhstgy73ia,real,profile,none,female
9yuawnhu-9ush-6ayh-5shy-9iueg7yh2ian,fake,frontal,facemask,non-binary
7ythahgt-7yhs-8wus-7tyh-17yhstgy73ia,real,profile,none,female
9yuawnhu-9ush-6ayh-5shy-9iueg7yh2ian,fake,frontal,facemask,non-binary
9yuawnhu-9ush-6ayh-5shy-9iueg7yh2ian,fake,frontal,facemask,non-binary
78uhgty6-3ygh-8ytf-g7ug-764gty8jut5y,real,frontal,hat,male
7ythahgt-7yhs-8wus-7tyh-17yhstgy73ia,real,profile,none,female
9yuawnhu-9ush-6ayh-5shy-9iueg7yh2ian,fake,frontal,facemask,non-binary
7ythahgt-7yhs-8wus-7tyh-17yhstgy73ia,real,profile,none,female
78uhgty6-3ygh-8ytf-g7ug-764gty8jut5y,real,frontal,hat,male
9yuawnhu-9ush-6ayh-5shy-9iueg7yh2ian,fake,frontal,facemask,non-binary
9yuawnhu-9ush-6ayh-5shy-9iueg7yh2ian,fake,frontal,facemask,non-binary
78uhgty6-3ygh-8ytf-g7ug-764gty8jut5y,real,frontal,hat,male
7ythahgt-7yhs-8wus-7tyh-17yhstgy73ia,real,profile,none,female
78uhgty6-3ygh-8ytf-g7ug-764gty8jut5y,real,frontal,hat,male
9yuawnhu-9ush-6ayh-5shy-9iueg7yh2ian,fake,frontal,facemask,non-binary
78uhgty6-3ygh-8ytf-g7ug-764gty8jut5y,real,frontal,hat,male
78uhgty6-3ygh-8ytf-g7ug-764gty8jut5y,real,frontal,hat,male
9yuawnhu-9ush-6ayh-5shy-9iueg7yh2ian,fake,frontal,facemask,non-binary
7ythahgt-7yhs-8wus-7tyh-17yhstgy73ia,real,profile,none,female
78uhgty6-3ygh-8ytf-g7ug-764gty8jut5y,fake,frontal,facemask,non-binary
7ythahgt-7yhs-8wus-7tyh-17yhstgy73ia,real,profile,none,female
7ythahgt-7yhs-8wus-7tyh-17yhstgy73ia,real,profile,none,female
78uhgty6-3ygh-8ytf-g7ug-764gty8jut5y,real,frontal,facemask,female
7ythahgt-7yhs-8wus-7tyh-17yhstgy73ia,real,profile,none,female
7ythahgt-7yhs-8wus-7tyh-17yhstgy73ia,real,profile,none,female
78uhgty6-3ygh-8ytf-g7ug-764gty8jut5y,real,frontal,hat,male
78uhgty6-3ygh-8ytf-g7ug-764gty8jut5y,real,frontal,hat,male
7ythahgt-7yhs-8wus-7tyh-17yhstgy73ia,real,profile,none,female
9yuawnhu-9ush-6ayh-5shy-9iueg7yh2ian,fake,frontal,facemask,non-binary
7ythahgt-7yhs-8wus-7tyh-17yhstgy73ia,real,profile,none,female
9yuawnhu-9ush-6ayh-5shy-9iueg7yh2ian,fake,frontal,facemask,non-binary
9yuawnhu-9ush-6ayh-5shy-9iueg7yh2ian,fake,frontal,facemask,non-binary
9yuawnhu-9ush-6ayh-5shy-9iueg7yh2ian,fake,frontal,facemask,non-binary
9yuawnhu-9ush-6ayh-5shy-9iueg7yh2ian,fake,frontal,facemask,non-binary
78uhgty6-3ygh-8ytf-g7ug-764gty8jut5y,real,frontal,hat,male
9yuawnhu-9ush-6ayh-5shy-9iueg7yh2ian,fake,frontal,facemask,male
9yuawnhu-9ush-6ayh-5shy-9iueg7yh2ian,fake,frontal,facemask,non-binary
78uhgty6-3ygh-8ytf-g7ug-764gty8jut5y,real,frontal,hat,male
9yuawnhu-9ush-6ayh-5shy-9iueg7yh2ian,fake,frontal,facemask,non-binary
78uhgty6-3ygh-8ytf-g7ug-764gty8jut5y,real,frontal,hat,male
7ythahgt-7yhs-8wus-7tyh-17yhstgy73ia,real,profile,none,female
9yuawnhu-9ush-6ayh-5shy-9iueg7yh2ian,fake,frontal,facemask,non-binary
9yuawnhu-9ush-6ayh-5shy-9iueg7yh2ian,fake,frontal,facemask,non-binary
7ythahgt-7yhs-8wus-7tyh-17yhstgy73ia,real,profile,none,female
78uhgty6-3ygh-8ytf-g7ug-764gty8jut5y,real,frontal,hat,male
78uhgty6-3ygh-8ytf-g7ug-764gty8jut5y,real,frontal,hat,male
78uhgty6-3ygh-8ytf-g7ug-764gty8jut5y,fake,frontal,hat,male
7ythahgt-7yhs-8wus-7tyh-17yhstgy73ia,real,profile,none,female
9yuawnhu-9ush-6ayh-5shy-9iueg7yh2ian,fake,frontal,facemask,non-binary
7ythahgt-7yhs-8wus-7tyh-17yhstgy73ia,real,profile,none,female
78uhgty6-3ygh-8ytf-g7ug-764gty8jut5y,real,frontal,hat,male
78uhgty6-3ygh-8ytf-g7ug-764gty8jut5y,real,frontal,hat,male
9yuawnhu-9ush-6ayh-5shy-9iueg7yh2ian,fake,frontal,facemask,non-binary
7ythahgt-7yhs-8wus-7tyh-17yhstgy73ia,real,profile,none,female
78uhgty6-3ygh-8ytf-g7ug-764gty8jut5y,real,frontal,hat,male
7ythahgt-7yhs-8wus-7tyh-17yhstgy73ia,real,profile,none,female
7ythahgt-7yhs-8wus-7tyh-17yhstgy73ia,real,profile,none,female
78uhgty6-3ygh-8ytf-g7ug-764gty8jut5y,real,frontal,hat,male
9yuawnhu-9ush-6ayh-5shy-9iueg7yh2ian,fake,frontal,facemask,non-binary
78uhgty6-3ygh-8ytf-g7ug-764gty8jut5y,real,frontal,hat,female
9yuawnhu-9ush-6ayh-5shy-9iueg7yh2ian,fake,frontal,facemask,non-binary
7ythahgt-7yhs-8wus-7tyh-17yhstgy73ia,real,profile,none,female
7ythahgt-7yhs-8wus-7tyh-17yhstgy73ia,real,profile,none,female
7ythahgt-7yhs-8wus-7tyh-17yhstgy73ia,real,profile,none,female
78uhgty6-3ygh-8ytf-g7ug-764gty8jut5y,real,frontal,hat,male
9yuawnhu-9ush-6ayh-5shy-9iueg7yh2ian,fake,frontal,facemask,non-binary
7ythahgt-7yhs-8wus-7tyh-17yhstgy73ia,real,profile,none,female
7ythahgt-7yhs-8wus-7tyh-17yhstgy73ia,real,profile,none,female
78uhgty6-3ygh-8ytf-g7ug-764gty8jut5y,real,profile,hat,male
7ythahgt-7yhs-8wus-7tyh-17yhstgy73ia,real,profile,none,male
78uhgty6-3ygh-8ytf-g7ug-764gty8jut5y,real,frontal,hat,male
9yuawnhu-9ush-6ayh-5shy-9iueg7yh2ian,fake,frontal,facemask,non-binary
7ythahgt-7yhs-8wus-7tyh-17yhstgy73ia,real,profile,none,female
78uhgty6-3ygh-8ytf-g7ug-764gty8jut5y,real,frontal,hat,male
9yuawnhu-9ush-6ayh-5shy-9iueg7yh2ian,fake,frontal,facemask,non-binary
9yuawnhu-9ush-6ayh-5shy-9iueg7yh2ian,fake,frontal,facemask,non-binary
7ythahgt-7yhs-8wus-7tyh-17yhstgy73ia,real,profile,hat,female
9yuawnhu-9ush-6ayh-5shy-9iueg7yh2ian,fake,frontal,facemask,non-binary
7ythahgt-7yhs-8wus-7tyh-17yhstgy73ia,real,profile,none,female
7ythahgt-7yhs-8wus-7tyh-17yhstgy73ia,real,profile,none,female
78uhgty6-3ygh-8ytf-g7ug-764gty8jut5y,real,frontal,hat,male
78uhgty6-3ygh-8ytf-g7ug-764gty8jut5y,real,frontal,hat,male
9yuawnhu-9ush-6ayh-5shy-9iueg7yh2ian,fake,frontal,facemask,non-binary
78uhgty6-3ygh-8ytf-g7ug-764gty8jut5y,real,frontal,none,male
78uhgty6-3ygh-8ytf-g7ug-764gty8jut5y,real,profile,hat,male
7ythahgt-7yhs-8wus-7tyh-17yhstgy73ia,real,frontal,hat,female
7ythahgt-7yhs-8wus-7tyh-17yhstgy73ia,real,profile,none,female
78uhgty6-3ygh-8ytf-g7ug-764gty8jut5y,real,profile,hat,female
7ythahgt-7yhs-8wus-7tyh-17yhstgy73ia,real,profile,none,female
7ythahgt-7yhs-8wus-7tyh-17yhstgy73ia,real,profile,none,female
9yuawnhu-9ush-6ayh-5shy-9iueg7yh2ian,real,frontal,facemask,non-binary
9yuawnhu-9ush-6ayh-5shy-9iueg7yh2ian,fake,frontal,facemask,non-binary
9yuawnhu-9ush-6ayh-5shy-9iueg7yh2ian,fake,frontal,facemask,non-binary
9yuawnhu-9ush-6ayh-5shy-9iueg7yh2ian,fake,frontal,facemask,non-binary
9yuawnhu-9ush-6ayh-5shy-9iueg7yh2ian,fake,frontal,facemask,non-binary
9yuawnhu-9ush-6ayh-5shy-9iueg7yh2ian,fake,frontal,facemask,non-binary
78uhgty6-3ygh-8ytf-g7ug-764gty8jut5y,real,frontal,hat,male
9yuawnhu-9ush-6ayh-5shy-9iueg7yh2ian,fake,frontal,facemask,non-binary
9yuawnhu-9ush-6ayh-5shy-9iueg7yh2ian,fake,frontal,facemask,non-binary
7ythahgt-7yhs-8wus-7tyh-17yhstgy73ia,real,profile,none,female
7ythahgt-7yhs-8wus-7tyh-17yhstgy73ia,real,profile,none,female
7ythahgt-7yhs-8wus-7tyh-17yhstgy73ia,real,profile,none,female
9yuawnhu-9ush-6ayh-5shy-9iueg7yh2ian,fake,frontal,facemask,non-binary
7ythahgt-7yhs-8wus-7tyh-17yhstgy73ia,real,profile,none,female
78uhgty6-3ygh-8ytf-g7ug-764gty8jut5y,real,frontal,hat,male
7ythahgt-7yhs-8wus-7tyh-17yhstgy73ia,real,profile,none,female
7ythahgt-7yhs-8wus-7tyh-17yhstgy73ia,real,profile,none,female
7ythahgt-7yhs-8wus-7tyh-17yhstgy73ia,real,profile,none,female
7ythahgt-7yhs-8wus-7tyh-17yhstgy73ia,real,frontal,hat,male
78uhgty6-3ygh-8ytf-g7ug-764gty8jut5y,real,frontal,hat,male
9yuawnhu-9ush-6ayh-5shy-9iueg7yh2ian,fake,frontal,facemask,non-binary
9yuawnhu-9ush-6ayh-5shy-9iueg7yh2ian,fake,frontal,facemask,non-binary
7ythahgt-7yhs-8wus-7tyh-17yhstgy73ia,real,profile,none,female
78uhgty6-3ygh-8ytf-g7ug-764gty8jut5y,real,frontal,hat,male
9yuawnhu-9ush-6ayh-5shy-9iueg7yh2ian,fake,frontal,facemask,non-binary
9yuawnhu-9ush-6ayh-5shy-9iueg7yh2ian,fake,frontal,facemask,non-binary
7ythahgt-7yhs-8wus-7tyh-17yhstgy73ia,real,profile,none,female
9yuawnhu-9ush-6ayh-5shy-9iueg7yh2ian,fake,frontal,facemask,non-binary
9yuawnhu-9ush-6ayh-5shy-9iueg7yh2ian,fake,frontal,facemask,non-binary
78uhgty6-3ygh-8ytf-g7ug-764gty8jut5y,fake,frontal,hat,non-binary
9yuawnhu-9ush-6ayh-5shy-9iueg7yh2ian,fake,frontal,facemask,non-binary
7ythahgt-7yhs-8wus-7tyh-17yhstgy73ia,real,profile,none,female
9yuawnhu-9ush-6ayh-5shy-9iueg7yh2ian,fake,frontal,facemask,non-binary
9yuawnhu-9ush-6ayh-5shy-9iueg7yh2ian,fake,frontal,facemask,non-binary
78uhgty6-3ygh-8ytf-g7ug-764gty8jut5y,real,frontal,hat,male
78uhgty6-3ygh-8ytf-g7ug-764gty8jut5y,real,frontal,hat,male
7ythahgt-7yhs-8wus-7tyh-17yhstgy73ia,real,profile,none,female
9yuawnhu-9ush-6ayh-5shy-9iueg7yh2ian,fake,frontal,facemask,non-binary
9yuawnhu-9ush-6ayh-5shy-9iueg7yh2ian,fake,frontal,facemask,non-binary
9yuawnhu-9ush-6ayh-5shy-9iueg7yh2ian,fake,frontal,facemask,non-binary
9yuawnhu-9ush-6ayh-5shy-9iueg7yh2ian,fake,frontal,facemask,non-binary
7ythahgt-7yhs-8wus-7tyh-17yhstgy73ia,real,profile,none,female
7ythahgt-7yhs-8wus-7tyh-17yhstgy73ia,real,profile,none,male
78uhgty6-3ygh-8ytf-g7ug-764gty8jut5y,real,frontal,hat,male
9yuawnhu-9ush-6ayh-5shy-9iueg7yh2ian,fake,frontal,facemask,non-binary
7ythahgt-7yhs-8wus-7tyh-17yhstgy73ia,real,profile,none,female
78uhgty6-3ygh-8ytf-g7ug-764gty8jut5y,real,frontal,none,male
7ythahgt-7yhs-8wus-7tyh-17yhstgy73ia,real,profile,none,female
78uhgty6-3ygh-8ytf-g7ug-764gty8jut5y,real,frontal,hat,male
9yuawnhu-9ush-6ayh-5shy-9iueg7yh2ian,fake,frontal,facemask,non-binary
9yuawnhu-9ush-6ayh-5shy-9iueg7yh2ian,fake,frontal,facemask,non-binary
7ythahgt-7yhs-8wus-7tyh-17yhstgy73ia,real,profile,none,female
78uhgty6-3ygh-8ytf-g7ug-764gty8jut5y,real,frontal,hat,male
78uhgty6-3ygh-8ytf-g7ug-764gty8jut5y,real,frontal,none,non-binary
9yuawnhu-9ush-6ayh-5shy-9iueg7yh2ian,fake,frontal,facemask,non-binary
78uhgty6-3ygh-8ytf-g7ug-764gty8jut5y,real,frontal,hat,female
7ythahgt-7yhs-8wus-7tyh-17yhstgy73ia,real,profile,none,female
9yuawnhu-9ush-6ayh-5shy-9iueg7yh2ian,fake,frontal,facemask,non-binary
78uhgty6-3ygh-8ytf-g7ug-764gty8jut5y,real,frontal,hat,male
9yuawnhu-9ush-6ayh-5shy-9iueg7yh2ian,fake,frontal,facemask,non-binary
7ythahgt-7yhs-8wus-7tyh-17yhstgy73ia,real,profile,none,female
7ythahgt-7yhs-8wus-7tyh-17yhstgy73ia,real,profile,none,female
78uhgty6-3ygh-8ytf-g7ug-764gty8jut5y,real,frontal,hat,male
78uhgty6-3ygh-8ytf-g7ug-764gty8jut5y,real,frontal,hat,non-binary
7ythahgt-7yhs-8wus-7tyh-17yhstgy73ia,real,profile,none,female
9yuawnhu-9ush-6ayh-5shy-9iueg7yh2ian,fake,frontal,facemask,non-binary
9yuawnhu-9ush-6ayh-5shy-9iueg7yh2ian,fake,frontal,facemask,non-binary
9yuawnhu-9ush-6ayh-5shy-9iueg7yh2ian,fake,frontal,hat,non-binary
9yuawnhu-9ush-6ayh-5shy-9iueg7yh2ian,fake,frontal,facemask,non-binary
78uhgty6-3ygh-8ytf-g7ug-764gty8jut5y,fake,frontal,facemask,non-binary
9yuawnhu-9ush-6ayh-5shy-9iueg7yh2ian,fake,frontal,facemask,non-binary
9yuawnhu-9ush-6ayh-5shy-9iueg7yh2ian,fake,frontal,facemask,non-binary
9yuawnhu-9ush-6ayh-5shy-9iueg7yh2ian,fake,frontal,facemask,non-binary
9yuawnhu-9ush-6ayh-5shy-9iueg7yh2ian,fake,frontal,facemask,non-binary
9yuawnhu-9ush-6ayh-5shy-9iueg7yh2ian,fake,frontal,facemask,non-binary
9yuawnhu-9ush-6ayh-5shy-9iueg7yh2ian,fake,frontal,facemask,non-binary
9yuawnhu-9ush-6ayh-5shy-9iueg7yh2ian,fake,frontal,facemask,non-binary
7ythahgt-7yhs-8wus-7tyh-17yhstgy73ia,real,profile,none,female
9yuawnhu-9ush-6ayh-5shy-9iueg7yh2ian,fake,frontal,facemask,non-binary
9yuawnhu-9ush-6ayh-5shy-9iueg7yh2ian,fake,frontal,facemask,non-binary
7ythahgt-7yhs-8wus-7tyh-17yhstgy73ia,real,profile,none,female
9yuawnhu-9ush-6ayh-5shy-9iueg7yh2ian,fake,frontal,facemask,non-binary
9yuawnhu-9ush-6ayh-5shy-9iueg7yh2ian,fake,frontal,facemask,non-binary
9yuawnhu-9ush-6ayh-5shy-9iueg7yh2ian,fake,frontal,facemask,non-binary
7ythahgt-7yhs-8wus-7tyh-17yhstgy73ia,real,profile,none,female
7ythahgt-7yhs-8wus-7tyh-17yhstgy73ia,real,profile,none,female
9yuawnhu-9ush-6ayh-5shy-9iueg7yh2ian,fake,frontal,facemask,non-binary
78uhgty6-3ygh-8ytf-g7ug-764gty8jut5y,real,frontal,hat,male
78uhgty6-3ygh-8ytf-g7ug-764gty8jut5y,real,frontal,facemask,non-binary
9yuawnhu-9ush-6ayh-5shy-9iueg7yh2ian,fake,frontal,facemask,non-binary
7ythahgt-7yhs-8wus-7tyh-17yhstgy73ia,real,profile,none,female
9yuawnhu-9ush-6ayh-5shy-9iueg7yh2ian,fake,frontal,facemask,non-binary
9yuawnhu-9ush-6ayh-5shy-9iueg7yh2ian,fake,frontal,facemask,non-binary
78uhgty6-3ygh-8ytf-g7ug-764gty8jut5y,real,frontal,hat,male
7ythahgt-7yhs-8wus-7tyh-17yhstgy73ia,real,profile,none,female
7ythahgt-7yhs-8wus-7tyh-17yhstgy73ia,real,profile,none,female
78uhgty6-3ygh-8ytf-g7ug-764gty8jut5y,real,frontal,hat,male
78uhgty6-3ygh-8ytf-g7ug-764gty8jut5y,real,frontal,hat,male
78uhgty6-3ygh-8ytf-g7ug-764gty8jut5y,real,frontal,hat,male
78uhgty6-3ygh-8ytf-g7ug-764gty8jut5y,real,frontal,hat,male
7ythahgt-7yhs-8wus-7tyh-17yhstgy73ia,real,profile,none,female
9yuawnhu-9ush-6ayh-5shy-9iueg7yh2ian,fake,frontal,facemask,non-binary
9yuawnhu-9ush-6ayh-5shy-9iueg7yh2ian,fake,frontal,facemask,non-binary
78uhgty6-3ygh-8ytf-g7ug-764gty8jut5y,real,frontal,hat,male
9yuawnhu-9ush-6ayh-5shy-9iueg7yh2ian,fake,frontal,facemask,non-binary
9yuawnhu-9ush-6ayh-5shy-9iueg7yh2ian,fake,frontal,facemask,non-binary
78uhgty6-3ygh-8ytf-g7ug-764gty8jut5y,real,frontal,hat,male
78uhgty6-3ygh-8ytf-g7ug-764gty8jut5y,real,frontal,hat,male
9yuawnhu-9ush-6ayh-5shy-9iueg7yh2ian,fake,frontal,facemask,non-binary
9yuawnhu-9ush-6ayh-5shy-9iueg7yh2ian,fake,frontal,facemask,non-binary
7ythahgt-7yhs-8wus-7tyh-17yhstgy73ia,real,profile,none,female
78uhgty6-3ygh-8ytf-g7ug-764gty8jut5y,real,frontal,hat,male
78uhgty6-3ygh-8ytf-g7ug-764gty8jut5y,real,frontal,hat,male
9yuawnhu-9ush-6ayh-5shy-9iueg7yh2ian,fake,frontal,facemask,non-binary
7ythahgt-7yhs-8wus-7tyh-17yhstgy73ia,real,frontal,none,female
9yuawnhu-9ush-6ayh-5shy-9iueg7yh2ian,fake,frontal,facemask,non-binary
7ythahgt-7yhs-8wus-7tyh-17yhstgy73ia,real,profile,none,female
7ythahgt-7yhs-8wus-7tyh-17yhstgy73ia,real,profile,hat,female
7ythahgt-7yhs-8wus-7tyh-17yhstgy73ia,real,profile,none,female
7ythahgt-7yhs-8wus-7tyh-17yhstgy73ia,real,profile,none,female
78uhgty6-3ygh-8ytf-g7ug-764gty8jut5y,real,frontal,hat,non-binary
7ythahgt-7yhs-8wus-7tyh-17yhstgy73ia,real,profile,none,female
9yuawnhu-9ush-6ayh-5shy-9iueg7yh2ian,fake,frontal,facemask,non-binary
9yuawnhu-9ush-6ayh-5shy-9iueg7yh2ian,fake,frontal,facemask,non-binary
9yuawnhu-9ush-6ayh-5shy-9iueg7yh2ian,fake,frontal,facemask,non-binary
7ythahgt-7yhs-8wus-7tyh-17yhstgy73ia,real,profile,none,female
9yuawnhu-9ush-6ayh-5shy-9iueg7yh2ian,fake,frontal,facemask,non-binary
9yuawnhu-9ush-6ayh-5shy-9iueg7yh2ian,fake,frontal,facemask,non-binary
7ythahgt-7yhs-8wus-7tyh-17yhstgy73ia,real,profile,none,female
7ythahgt-7yhs-8wus-7tyh-17yhstgy73ia,real,profile,none,female
7ythahgt-7yhs-8wus-7tyh-17yhstgy73ia,real,profile,none,female
7ythahgt-7yhs-8wus-7tyh-17yhstgy73ia,real,profile,none,female
78uhgty6-3ygh-8ytf-g7ug-764gty8jut5y,real,frontal,hat,male
78uhgty6-3ygh-8ytf-g7ug-764gty8jut5y,real,frontal,hat,male
7ythahgt-7yhs-8wus-7tyh-17yhstgy73ia,real,profile,none,female
78uhgty6-3ygh-8ytf-g7ug-764gty8jut5y,real,frontal,hat,male
78uhgty6-3ygh-8ytf-g7ug-764gty8jut5y,real,frontal,hat,male
7ythahgt-7yhs-8wus-7tyh-17yhstgy73ia,real,profile,none,female
78uhgty6-3ygh-8ytf-g7ug-764gty8jut5y,real,frontal,hat,male
7ythahgt-7yhs-8wus-7tyh-17yhstgy73ia,real,profile,none,female
7ythahgt-7yhs-8wus-7tyh-17yhstgy73ia,real,profile,none,female
7ythahgt-7yhs-8wus-7tyh-17yhstgy73ia,real,profile,none,female
7ythahgt-7yhs-8wus-7tyh-17yhstgy73ia,real,profile,none,female
7ythahgt-7yhs-8wus-7tyh-17yhstgy73ia,real,profile,none,female
9yuawnhu-9ush-6ayh-5shy-9iueg7yh2ian,real,frontal,facemask,non-binary
78uhgty6-3ygh-8ytf-g7ug-764gty8jut5y,real,frontal,hat,male
78uhgty6-3ygh-8ytf-g7ug-764gty8jut5y,real,frontal,hat,male
78uhgty6-3ygh-8ytf-g7ug-764gty8jut5y,real,frontal,hat,male
78uhgty6-3ygh-8ytf-g7ug-764gty8jut5y,real,profile,none,male
78uhgty6-3ygh-8ytf-g7ug-764gty8jut5y,real,frontal,hat,male
9yuawnhu-9ush-6ayh-5shy-9iueg7yh2ian,fake,frontal,facemask,non-binary
9yuawnhu-9ush-6ayh-5shy-9iueg7yh2ian,fake,frontal,facemask,non-binary
7ythahgt-7yhs-8wus-7tyh-17yhstgy73ia,real,profile,none,female
9yuawnhu-9ush-6ayh-5shy-9iueg7yh2ian,fake,frontal,facemask,non-binary
9yuawnhu-9ush-6ayh-5shy-9iueg7yh2ian,fake,frontal,facemask,non-binary
78uhgty6-3ygh-8ytf-g7ug-764gty8jut5y,real,frontal,hat,male
7ythahgt-7yhs-8wus-7tyh-17yhstgy73ia,real,profile,none,female
9yuawnhu-9ush-6ayh-5shy-9iueg7yh2ian,fake,frontal,facemask,non-binary
9yuawnhu-9ush-6ayh-5shy-9iueg7yh2ian,fake,frontal,facemask,non-binary
9yuawnhu-9ush-6ayh-5shy-9iueg7yh2ian,fake,frontal,facemask,non-binary
9yuawnhu-9ush-6ayh-5shy-9iueg7yh2ian,real,frontal,hat,non-binary
78uhgty6-3ygh-8ytf-g7ug-764gty8jut5y,real,frontal,hat,male
7ythahgt-7yhs-8wus-7tyh-17yhstgy73ia,real,frontal,none,male
9yuawnhu-9ush-6ayh-5shy-9iueg7yh2ian,fake,frontal,facemask,non-binary
78uhgty6-3ygh-8ytf-g7ug-764gty8jut5y,real,frontal,hat,male
78uhgty6-3ygh-8ytf-g7ug-764gty8jut5y,real,frontal,hat,male
78uhgty6-3ygh-8ytf-g7ug-764gty8jut5y,fake,frontal,facemask,non-binary
9yuawnhu-9ush-6ayh-5shy-9iueg7yh2ian,fake,frontal,facemask,non-binary
78uhgty6-3ygh-8ytf-g7ug-764gty8jut5y,real,frontal,hat,male
9yuawnhu-9ush-6ayh-5shy-9iueg7yh2ian,fake,frontal,facemask,non-binary
78uhgty6-3ygh-8ytf-g7ug-764gty8jut5y,fake,frontal,facemask,non-binary
7ythahgt-7yhs-8wus-7tyh-17yhstgy73ia,real,profile,none,female
7ythahgt-7yhs-8wus-7tyh-17yhstgy73ia,real,profile,none,male
7ythahgt-7yhs-8wus-7tyh-17yhstgy73ia,real,profile,none,female
7ythahgt-7yhs-8wus-7tyh-17yhstgy73ia,real,profile,none,female
78uhgty6-3ygh-8ytf-g7ug-764gty8jut5y,fake,frontal,hat,non-binary
9yuawnhu-9ush-6ayh-5shy-9iueg7yh2ian,real,frontal,hat,male
78uhgty6-3ygh-8ytf-g7ug-764gty8jut5y,real,profile,hat,male
78uhgty6-3ygh-8ytf-g7ug-764gty8jut5y,real,frontal,hat,male
7ythahgt-7yhs-8wus-7tyh-17yhstgy73ia,real,profile,none,female
78uhgty6-3ygh-8ytf-g7ug-764gty8jut5y,real,frontal,hat,male
7ythahgt-7yhs-8wus-7tyh-17yhstgy73ia,real,profile,none,female
7ythahgt-7yhs-8wus-7tyh-17yhstgy73ia,real,profile,none,female
78uhgty6-3ygh-8ytf-g7ug-764gty8jut5y,real,frontal,none,female
9yuawnhu-9ush-6ayh-5shy-9iueg7yh2ian,fake,frontal,facemask,non-binary
7ythahgt-7yhs-8wus-7tyh-17yhstgy73ia,real,profile,none,male
7ythahgt-7yhs-8wus-7tyh-17yhstgy73ia,real,profile,none,female
9yuawnhu-9ush-6ayh-5shy-9iueg7yh2ian,fake,frontal,facemask,non-binary
78uhgty6-3ygh-8ytf-g7ug-764gty8jut5y,real,frontal,hat,male
7ythahgt-7yhs-8wus-7tyh-17yhstgy73ia,real,profile,none,female
7ythahgt-7yhs-8wus-7tyh-17yhstgy73ia,real,frontal,none,female
78uhgty6-3ygh-8ytf-g7ug-764gty8jut5y,real,frontal,hat,male
78uhgty6-3ygh-8ytf-g7ug-764gty8jut5y,real,frontal,hat,male
9yuawnhu-9ush-6ayh-5shy-9iueg7yh2ian,fake,frontal,facemask,non-binary
9yuawnhu-9ush-6ayh-5shy-9iueg7yh2ian,fake,frontal,facemask,non-binary
7ythahgt-7yhs-8wus-7tyh-17yhstgy73ia,real,profile,none,female
7ythahgt-7yhs-8wus-7tyh-17yhstgy73ia,real,profile,none,female
78uhgty6-3ygh-8ytf-g7ug-764gty8jut5y,real,frontal,hat,male
78uhgty6-3ygh-8ytf-g7ug-764gty8jut5y,real,frontal,hat,male
9yuawnhu-9ush-6ayh-5shy-9iueg7yh2ian,fake,frontal,facemask,non-binary
78uhgty6-3ygh-8ytf-g7ug-764gty8jut5y,real,profile,none,female
78uhgty6-3ygh-8ytf-g7ug-764gty8jut5y,real,frontal,hat,male
78uhgty6-3ygh-8ytf-g7ug-764gty8jut5y,real,frontal,hat,male
9yuawnhu-9ush-6ayh-5shy-9iueg7yh2ian,fake,frontal,facemask,non-binary
78uhgty6-3ygh-8ytf-g7ug-764gty8jut5y,real,profile,none,female
78uhgty6-3ygh-8ytf-g7ug-764gty8jut5y,real,profile,none,female
78uhgty6-3ygh-8ytf-g7ug-764gty8jut5y,real,profile,hat,male
7ythahgt-7yhs-8wus-7tyh-17yhstgy73ia,real,profile,none,female
9yuawnhu-9ush-6ayh-5shy-9iueg7yh2ian,fake,frontal,hat,non-binary
9yuawnhu-9ush-6ayh-5shy-9iueg7yh2ian,fake,frontal,facemask,non-binary
7ythahgt-7yhs-8wus-7tyh-17yhstgy73ia,real,profile,none,female
78uhgty6-3ygh-8ytf-g7ug-764gty8jut5y,real,frontal,hat,male
9yuawnhu-9ush-6ayh-5shy-9iueg7yh2ian,fake,frontal,facemask,non-binary
7ythahgt-7yhs-8wus-7tyh-17yhstgy73ia,real,profile,none,female
7ythahgt-7yhs-8wus-7tyh-17yhstgy73ia,real,profile,none,female
9yuawnhu-9ush-6ayh-5shy-9iueg7yh2ian,fake,frontal,facemask,non-binary
7ythahgt-7yhs-8wus-7tyh-17yhstgy73ia,real,profile,none,female
9yuawnhu-9ush-6ayh-5shy-9iueg7yh2ian,real,frontal,hat,male
9yuawnhu-9ush-6ayh-5shy-9iueg7yh2ian,fake,frontal,facemask,non-binary
78uhgty6-3ygh-8ytf-g7ug-764gty8jut5y,real,frontal,hat,male
7ythahgt-7yhs-8wus-7tyh-17yhstgy73ia,real,profile,none,female
78uhgty6-3ygh-8ytf-g7ug-764gty8jut5y,real,frontal,hat,male
78uhgty6-3ygh-8ytf-g7ug-764gty8jut5y,real,frontal,hat,male
9yuawnhu-9ush-6ayh-5shy-9iueg7yh2ian,fake,frontal,facemask,non-binary
9yuawnhu-9ush-6ayh-5shy-9iueg7yh2ian,fake,frontal,facemask,non-binary
9yuawnhu-9ush-6ayh-5shy-9iueg7yh2ian,fake,frontal,facemask,non-binary
9yuawnhu-9ush-6ayh-5shy-9iueg7yh2ian,fake,frontal,facemask,male
9yuawnhu-9ush-6ayh-5shy-9iueg7yh2ian,fake,frontal,facemask,non-binary
78uhgty6-3ygh-8ytf-g7ug-764gty8jut5y,real,frontal,hat,male
7ythahgt-7yhs-8wus-7tyh-17yhstgy73ia,real,profile,none,female
9yuawnhu-9ush-6ayh-5shy-9iueg7yh2ian,real,frontal,facemask,non-binary
9yuawnhu-9ush-6ayh-5shy-9iueg7yh2ian,fake,frontal,facemask,non-binary
9yuawnhu-9ush-6ayh-5shy-9iueg7yh2ian,real,frontal,facemask,non-binary
7ythahgt-7yhs-8wus-7tyh-17yhstgy73ia,real,frontal,none,female
9yuawnhu-9ush-6ayh-5shy-9iueg7yh2ian,fake,frontal,facemask,non-binary
7ythahgt-7yhs-8wus-7tyh-17yhstgy73ia,real,profile,none,female
78uhgty6-3ygh-8ytf-g7ug-764gty8jut5y,real,frontal,hat,male
9yuawnhu-9ush-6ayh-5shy-9iueg7yh2ian,fake,frontal,facemask,non-binary
9yuawnhu-9ush-6ayh-5shy-9iueg7yh2ian,fake,frontal,facemask,non-binary
78uhgty6-3ygh-8ytf-g7ug-764gty8jut5y,real,frontal,hat,male
78uhgty6-3ygh-8ytf-g7ug-764gty8jut5y,real,profile,hat,female
78uhgty6-3ygh-8ytf-g7ug-764gty8jut5y,real,frontal,hat,male
9yuawnhu-9ush-6ayh-5shy-9iueg7yh2ian,fake,frontal,facemask,non-binary
9yuawnhu-9ush-6ayh-5shy-9iueg7yh2ian,fake,frontal,facemask,non-binary
9yuawnhu-9ush-6ayh-5shy-9iueg7yh2ian,fake,frontal,facemask,non-binary
7ythahgt-7yhs-8wus-7tyh-17yhstgy73ia,real,profile,none,female
9yuawnhu-9ush-6ayh-5shy-9iueg7yh2ian,fake,frontal,facemask,non-binary
9yuawnhu-9ush-6ayh-5shy-9iueg7yh2ian,fake,frontal,facemask,non-binary
9yuawnhu-9ush-6ayh-5shy-9iueg7yh2ian,fake,frontal,facemask,non-binary
7ythahgt-7yhs-8wus-7tyh-17yhstgy73ia,real,profile,none,female
9yuawnhu-9ush-6ayh-5shy-9iueg7yh2ian,fake,frontal,facemask,male
9yuawnhu-9ush-6ayh-5shy-9iueg7yh2ian,fake,frontal,facemask,non-binary
78uhgty6-3ygh-8ytf-g7ug-764gty8jut5y,real,frontal,hat,male
78uhgty6-3ygh-8ytf-g7ug-764gty8jut5y,real,profile,hat,male
7ythahgt-7yhs-8wus-7tyh-17yhstgy73ia,real,profile,none,female
9yuawnhu-9ush-6ayh-5shy-9iueg7yh2ian,fake,frontal,facemask,non-binary
7ythahgt-7yhs-8wus-7tyh-17yhstgy73ia,real,profile,none,female
9yuawnhu-9ush-6ayh-5shy-9iueg7yh2ian,fake,frontal,facemask,non-binary
78uhgty6-3ygh-8ytf-g7ug-764gty8jut5y,real,frontal,hat,male
9yuawnhu-9ush-6ayh-5shy-9iueg7yh2ian,fake,frontal,facemask,non-binary
9yuawnhu-9ush-6ayh-5shy-9iueg7yh2ian,fake,frontal,facemask,non-binary
7ythahgt-7yhs-8wus-7tyh-17yhstgy73ia,real,profile,none,female
78uhgty6-3ygh-8ytf-g7ug-764gty8jut5y,real,frontal,hat,male
78uhgty6-3ygh-8ytf-g7ug-764gty8jut5y,real,frontal,hat,male
9yuawnhu-9ush-6ayh-5shy-9iueg7yh2ian,fake,frontal,facemask,non-binary
78uhgty6-3ygh-8ytf-g7ug-764gty8jut5y,real,frontal,hat,male
78uhgty6-3ygh-8ytf-g7ug-764gty8jut5y,real,frontal,hat,female
9yuawnhu-9ush-6ayh-5shy-9iueg7yh2ian,fake,frontal,facemask,non-binary
9yuawnhu-9ush-6ayh-5shy-9iueg7yh2ian,fake,frontal,facemask,non-binary
9yuawnhu-9ush-6ayh-5shy-9iueg7yh2ian,fake,frontal,facemask,non-binary
9yuawnhu-9ush-6ayh-5shy-9iueg7yh2ian,fake,frontal,facemask,non-binary
9yuawnhu-9ush-6ayh-5shy-9iueg7yh2ian,fake,frontal,facemask,non-binary
9yuawnhu-9ush-6ayh-5shy-9iueg7yh2ian,fake,frontal,facemask,non-binary
78uhgty6-3ygh-8ytf-g7ug-764gty8jut5y,real,frontal,hat,male
9yuawnhu-9ush-6ayh-5shy-9iueg7yh2ian,fake,frontal,facemask,non-binary
78uhgty6-3ygh-8ytf-g7ug-764gty8jut5y,real,frontal,hat,male
7ythahgt-7yhs-8wus-7tyh-17yhstgy73ia,real,profile,none,female
78uhgty6-3ygh-8ytf-g7ug-764gty8jut5y,real,frontal,hat,male
9yuawnhu-9ush-6ayh-5shy-9iueg7yh2ian,fake,frontal,facemask,non-binary
78uhgty6-3ygh-8ytf-g7ug-764gty8jut5y,real,frontal,hat,male
9yuawnhu-9ush-6ayh-5shy-9iueg7yh2ian,fake,frontal,facemask,non-binary
78uhgty6-3ygh-8ytf-g7ug-764gty8jut5y,real,frontal,hat,male
78uhgty6-3ygh-8ytf-g7ug-764gty8jut5y,fake,frontal,facemask,non-binary
9yuawnhu-9ush-6ayh-5shy-9iueg7yh2ian,fake,frontal,facemask,non-binary
7ythahgt-7yhs-8wus-7tyh-17yhstgy73ia,real,profile,none,female
9yuawnhu-9ush-6ayh-5shy-9iueg7yh2ian,fake,frontal,facemask,non-binary
7ythahgt-7yhs-8wus-7tyh-17yhstgy73ia,real,profile,none,female
9yuawnhu-9ush-6ayh-5shy-9iueg7yh2ian,fake,frontal,facemask,non-binary
7ythahgt-7yhs-8wus-7tyh-17yhstgy73ia,real,profile,none,female
78uhgty6-3ygh-8ytf-g7ug-764gty8jut5y,real,frontal,hat,male
9yuawnhu-9ush-6ayh-5shy-9iueg7yh2ian,fake,frontal,facemask,non-binary
9yuawnhu-9ush-6ayh-5shy-9iueg7yh2ian,fake,frontal,facemask,non-binary
9yuawnhu-9ush-6ayh-5shy-9iueg7yh2ian,fake,frontal,facemask,non-binary
7ythahgt-7yhs-8wus-7tyh-17yhstgy73ia,real,profile,none,female
78uhgty6-3ygh-8ytf-g7ug-764gty8jut5y,real,frontal,hat,male
9yuawnhu-9ush-6ayh-5shy-9iueg7yh2ian,fake,frontal,facemask,non-binary
78uhgty6-3ygh-8ytf-g7ug-764gty8jut5y,real,frontal,hat,male
78uhgty6-3ygh-8ytf-g7ug-764gty8jut5y,real,frontal,hat,male
78uhgty6-3ygh-8ytf-g7ug-764gty8jut5y,real,frontal,hat,male
7ythahgt-7yhs-8wus-7tyh-17yhstgy73ia,real,profile,none,female
78uhgty6-3ygh-8ytf-g7ug-764gty8jut5y,real,frontal,hat,male
78uhgty6-3ygh-8ytf-g7ug-764gty8jut5y,real,frontal,facemask,male
78uhgty6-3ygh-8ytf-g7ug-764gty8jut5y,real,frontal,hat,male
7ythahgt-7yhs-8wus-7tyh-17yhstgy73ia,real,frontal,hat,male
7ythahgt-7yhs-8wus-7tyh-17yhstgy73ia,real,profile,none,female
9yuawnhu-9ush-6ayh-5shy-9iueg7yh2ian,fake,frontal,facemask,non-binary
9yuawnhu-9ush-6ayh-5shy-9iueg7yh2ian,fake,frontal,facemask,non-binary
78uhgty6-3ygh-8ytf-g7ug-764gty8jut5y,real,frontal,hat,male
7ythahgt-7yhs-8wus-7tyh-17yhstgy73ia,real,profile,none,female
78uhgty6-3ygh-8ytf-g7ug-764gty8jut5y,real,frontal,hat,male
9yuawnhu-9ush-6ayh-5shy-9iueg7yh2ian,fake,frontal,facemask,non-binary
78uhgty6-3ygh-8ytf-g7ug-764gty8jut5y,real,frontal,hat,male
78uhgty6-3ygh-8ytf-g7ug-764gty8jut5y,real,frontal,hat,male
78uhgty6-3ygh-8ytf-g7ug-764gty8jut5y,real,frontal,hat,male
9yuawnhu-9ush-6ayh-5shy-9iueg7yh2ian,fake,frontal,facemask,non-binary
78uhgty6-3ygh-8ytf-g7ug-764gty8jut5y,real,frontal,hat,male
7ythahgt-7yhs-8wus-7tyh-17yhstgy73ia,real,profile,none,female
7ythahgt-7yhs-8wus-7tyh-17yhstgy73ia,real,profile,none,female
78uhgty6-3ygh-8ytf-g7ug-764gty8jut5y,real,frontal,hat,male
9yuawnhu-9ush-6ayh-5shy-9iueg7yh2ian,fake,frontal,facemask,non-binary
7ythahgt-7yhs-8wus-7tyh-17yhstgy73ia,real,profile,none,female
78uhgty6-3ygh-8ytf-g7ug-764gty8jut5y,real,frontal,hat,male
9yuawnhu-9ush-6ayh-5shy-9iueg7yh2ian,fake,frontal,facemask,non-binary
78uhgty6-3ygh-8ytf-g7ug-764gty8jut5y,real,frontal,hat,male
78uhgty6-3ygh-8ytf-g7ug-764gty8jut5y,real,frontal,none,male
9yuawnhu-9ush-6ayh-5shy-9iueg7yh2ian,real,frontal,hat,male
78uhgty6-3ygh-8ytf-g7ug-764gty8jut5y,real,frontal,hat,male
78uhgty6-3ygh-8ytf-g7ug-764gty8jut5y,real,frontal,hat,male
7ythahgt-7yhs-8wus-7tyh-17yhstgy73ia,real,profile,none,female
7ythahgt-7yhs-8wus-7tyh-17yhstgy73ia,real,profile,none,female
7ythahgt-7yhs-8wus-7tyh-17yhstgy73ia,real,profile,none,female
7ythahgt-7yhs-8wus-7tyh-17yhstgy73ia,real,profile,none,female
9yuawnhu-9ush-6ayh-5shy-9iueg7yh2ian,fake,frontal,facemask,non-binary
78uhgty6-3ygh-8ytf-g7ug-764gty8jut5y,real,frontal,hat,male
9yuawnhu-9ush-6ayh-5shy-9iueg7yh2ian,fake,frontal,facemask,non-binary
9yuawnhu-9ush-6ayh-5shy-9iueg7yh2ian,fake,frontal,facemask,non-binary
7ythahgt-7yhs-8wus-7tyh-17yhstgy73ia,real,profile,none,female
7ythahgt-7yhs-8wus-7tyh-17yhstgy73ia,real,profile,none,female
9yuawnhu-9ush-6ayh-5shy-9iueg7yh2ian,fake,frontal,facemask,non-binary
7ythahgt-7yhs-8wus-7tyh-17yhstgy73ia,real,profile,none,female
9yuawnhu-9ush-6ayh-5shy-9iueg7yh2ian,fake,frontal,facemask,non-binary
7ythahgt-7yhs-8wus-7tyh-17yhstgy73ia,real,profile,none,female
7ythahgt-7yhs-8wus-7tyh-17yhstgy73ia,real,profile,none,female
7ythahgt-7yhs-8wus-7tyh-17yhstgy73ia,real,profile,none,female
78uhgty6-3ygh-8ytf-g7ug-764gty8jut5y,real,frontal,hat,male
7ythahgt-7yhs-8wus-7tyh-17yhstgy73ia,real,profile,none,female
78uhgty6-3ygh-8ytf-g7ug-764gty8jut5y,real,frontal,hat,male
7ythahgt-7yhs-8wus-7tyh-17yhstgy73ia,real,profile,none,female
78uhgty6-3ygh-8ytf-g7ug-764gty8jut5y,real,frontal,hat,male
78uhgty6-3ygh-8ytf-g7ug-764gty8jut5y,real,frontal,hat,male
7ythahgt-7yhs-8wus-7tyh-17yhstgy73ia,real,profile,none,female
9yuawnhu-9ush-6ayh-5shy-9iueg7yh2ian,fake,frontal,facemask,non-binary
78uhgty6-3ygh-8ytf-g7ug-764gty8jut5y,real,frontal,hat,male
7ythahgt-7yhs-8wus-7tyh-17yhstgy73ia,real,profile,none,female
78uhgty6-3ygh-8ytf-g7ug-764gty8jut5y,real,frontal,hat,male
9yuawnhu-9ush-6ayh-5shy-9iueg7yh2ian,fake,frontal,facemask,non-binary
78uhgty6-3ygh-8ytf-g7ug-764gty8jut5y,real,frontal,hat,male
9yuawnhu-9ush-6ayh-5shy-9iueg7yh2ian,fake,frontal,facemask,non-binary
7ythahgt-7yhs-8wus-7tyh-17yhstgy73ia,real,profile,none,female
78uhgty6-3ygh-8ytf-g7ug-764gty8jut5y,real,frontal,hat,male
78uhgty6-3ygh-8ytf-g7ug-764gty8jut5y,real,profile,hat,male
7ythahgt-7yhs-8wus-7tyh-17yhstgy73ia,real,profile,none,female
9yuawnhu-9ush-6ayh-5shy-9iueg7yh2ian,fake,frontal,facemask,non-binary
9yuawnhu-9ush-6ayh-5shy-9iueg7yh2ian,real,frontal,facemask,non-binary
78uhgty6-3ygh-8ytf-g7ug-764gty8jut5y,real,frontal,hat,male
9yuawnhu-9ush-6ayh-5shy-9iueg7yh2ian,fake,frontal,facemask,non-binary
7ythahgt-7yhs-8wus-7tyh-17yhstgy73ia,real,profile,none,female
9yuawnhu-9ush-6ayh-5shy-9iueg7yh2ian,fake,frontal,facemask,non-binary
7ythahgt-7yhs-8wus-7tyh-17yhstgy73ia,real,profile,none,female
9yuawnhu-9ush-6ayh-5shy-9iueg7yh2ian,fake,frontal,facemask,non-binary
78uhgty6-3ygh-8ytf-g7ug-764gty8jut5y,real,frontal,hat,male
7ythahgt-7yhs-8wus-7tyh-17yhstgy73ia,real,profile,none,female
7ythahgt-7yhs-8wus-7tyh-17yhstgy73ia,real,profile,none,female
78uhgty6-3ygh-8ytf-g7ug-764gty8jut5y,real,frontal,hat,male
78uhgty6-3ygh-8ytf-g7ug-764gty8jut5y,real,frontal,hat,male
9yuawnhu-9ush-6ayh-5shy-9iueg7yh2ian,fake,frontal,facemask,non-binary
9yuawnhu-9ush-6ayh-5shy-9iueg7yh2ian,fake,frontal,facemask,non-binary
9yuawnhu-9ush-6ayh-5shy-9iueg7yh2ian,fake,frontal,facemask,non-binary
7ythahgt-7yhs-8wus-7tyh-17yhstgy73ia,real,profile,none,female
78uhgty6-3ygh-8ytf-g7ug-764gty8jut5y,real,frontal,hat,male
7ythahgt-7yhs-8wus-7tyh-17yhstgy73ia,real,profile,none,female
78uhgty6-3ygh-8ytf-g7ug-764gty8jut5y,real,frontal,hat,male
9yuawnhu-9ush-6ayh-5shy-9iueg7yh2ian,fake,frontal,facemask,non-binary
78uhgty6-3ygh-8ytf-g7ug-764gty8jut5y,real,frontal,hat,male
78uhgty6-3ygh-8ytf-g7ug-764gty8jut5y,real,frontal,hat,male
7ythahgt-7yhs-8wus-7tyh-17yhstgy73ia,real,profile,none,female
78uhgty6-3ygh-8ytf-g7ug-764gty8jut5y,real,frontal,hat,male
7ythahgt-7yhs-8wus-7tyh-17yhstgy73ia,real,profile,none,male
78uhgty6-3ygh-8ytf-g7ug-764gty8jut5y,real,frontal,hat,male
78uhgty6-3ygh-8ytf-g7ug-764gty8jut5y,real,frontal,hat,male
9yuawnhu-9ush-6ayh-5shy-9iueg7yh2ian,fake,frontal,facemask,non-binary
9yuawnhu-9ush-6ayh-5shy-9iueg7yh2ian,fake,frontal,facemask,non-binary
7ythahgt-7yhs-8wus-7tyh-17yhstgy73ia,real,profile,none,female
9yuawnhu-9ush-6ayh-5shy-9iueg7yh2ian,fake,frontal,facemask,non-binary
9yuawnhu-9ush-6ayh-5shy-9iueg7yh2ian,fake,frontal,facemask,non-binary
78uhgty6-3ygh-8ytf-g7ug-764gty8jut5y,real,frontal,hat,male
9yuawnhu-9ush-6ayh-5shy-9iueg7yh2ian,fake,frontal,facemask,non-binary
78uhgty6-3ygh-8ytf-g7ug-764gty8jut5y,real,frontal,hat,male
9yuawnhu-9ush-6ayh-5shy-9iueg7yh2ian,fake,frontal,facemask,non-binary
78uhgty6-3ygh-8ytf-g7ug-764gty8jut5y,real,profile,none,female
78uhgty6-3ygh-8ytf-g7ug-764gty8jut5y,real,frontal,hat,male
78uhgty6-3ygh-8ytf-g7ug-764gty8jut5y,real,frontal,hat,male
7ythahgt-7yhs-8wus-7tyh-17yhstgy73ia,real,frontal,hat,male
9yuawnhu-9ush-6ayh-5shy-9iueg7yh2ian,fake,frontal,facemask,non-binary
9yuawnhu-9ush-6ayh-5shy-9iueg7yh2ian,real,frontal,facemask,non-binary
78uhgty6-3ygh-8ytf-g7ug-764gty8jut5y,real,profile,none,female
7ythahgt-7yhs-8wus-7tyh-17yhstgy73ia,real,profile,none,female
78uhgty6-3ygh-8ytf-g7ug-764gty8jut5y,real,frontal,hat,male
9yuawnhu-9ush-6ayh-5shy-9iueg7yh2ian,real,frontal,facemask,male
9yuawnhu-9ush-6ayh-5shy-9iueg7yh2ian,real,frontal,hat,male
78uhgty6-3ygh-8ytf-g7ug-764gty8jut5y,real,frontal,hat,male
9yuawnhu-9ush-6ayh-5shy-9iueg7yh2ian,fake,frontal,facemask,non-binary
9yuawnhu-9ush-6ayh-5shy-9iueg7yh2ian,fake,frontal,facemask,non-binary
7ythahgt-7yhs-8wus-7tyh-17yhstgy73ia,real,profile,none,female
9yuawnhu-9ush-6ayh-5shy-9iueg7yh2ian,fake,frontal,facemask,non-binary
7ythahgt-7yhs-8wus-7tyh-17yhstgy73ia,real,profile,none,female
9yuawnhu-9ush-6ayh-5shy-9iueg7yh2ian,real,frontal,hat,non-binary
7ythahgt-7yhs-8wus-7tyh-17yhstgy73ia,real,profile,none,female
7ythahgt-7yhs-8wus-7tyh-17yhstgy73ia,real,profile,none,female
9yuawnhu-9ush-6ayh-5shy-9iueg7yh2ian,fake,frontal,facemask,non-binary
9yuawnhu-9ush-6ayh-5shy-9iueg7yh2ian,fake,frontal,facemask,non-binary
78uhgty6-3ygh-8ytf-g7ug-764gty8jut5y,real,frontal,facemask,non-binary
78uhgty6-3ygh-8ytf-g7ug-764gty8jut5y,real,frontal,hat,male
7ythahgt-7yhs-8wus-7tyh-17yhstgy73ia,real,profile,none,female
9yuawnhu-9ush-6ayh-5shy-9iueg7yh2ian,fake,frontal,facemask,non-binary
7ythahgt-7yhs-8wus-7tyh-17yhstgy73ia,real,profile,none,female
7ythahgt-7yhs-8wus-7tyh-17yhstgy73ia,real,profile,hat,female
78uhgty6-3ygh-8ytf-g7ug-764gty8jut5y,real,frontal,facemask,female
78uhgty6-3ygh-8ytf-g7ug-764gty8jut5y,real,frontal,hat,male
7ythahgt-7yhs-8wus-7tyh-17yhstgy73ia,real,profile,none,female
7ythahgt-7yhs-8wus-7tyh-17yhstgy73ia,real,profile,none,female
7ythahgt-7yhs-8wus-7tyh-17yhstgy73ia,real,profile,none,female
7ythahgt-7yhs-8wus-7tyh-17yhstgy73ia,real,profile,none,female
7ythahgt-7yhs-8wus-7tyh-17yhstgy73ia,real,profile,none,female
78uhgty6-3ygh-8ytf-g7ug-764gty8jut5y,real,frontal,hat,male
9yuawnhu-9ush-6ayh-5shy-9iueg7yh2ian,fake,frontal,facemask,non-binary
7ythahgt-7yhs-8wus-7tyh-17yhstgy73ia,real,profile,none,female
7ythahgt-7yhs-8wus-7tyh-17yhstgy73ia,real,profile,none,female
9yuawnhu-9ush-6ayh-5shy-9iueg7yh2ian,fake,frontal,facemask,non-binary
9yuawnhu-9ush-6ayh-5shy-9iueg7yh2ian,real,frontal,hat,male
7ythahgt-7yhs-8wus-7tyh-17yhstgy73ia,real,profile,none,female
9yuawnhu-9ush-6ayh-5shy-9iueg7yh2ian,fake,frontal,facemask,non-binary
9yuawnhu-9ush-6ayh-5shy-9iueg7yh2ian,fake,frontal,facemask,non-binary
7ythahgt-7yhs-8wus-7tyh-17yhstgy73ia,real,profile,none,female
9yuawnhu-9ush-6ayh-5shy-9iueg7yh2ian,fake,frontal,facemask,non-binary
78uhgty6-3ygh-8ytf-g7ug-764gty8jut5y,real,frontal,hat,male
78uhgty6-3ygh-8ytf-g7ug-764gty8jut5y,real,frontal,hat,male
9yuawnhu-9ush-6ayh-5shy-9iueg7yh2ian,fake,frontal,facemask,non-binary
78uhgty6-3ygh-8ytf-g7ug-764gty8jut5y,real,frontal,hat,male
78uhgty6-3ygh-8ytf-g7ug-764gty8jut5y,real,frontal,hat,male
78uhgty6-3ygh-8ytf-g7ug-764gty8jut5y,real,frontal,hat,male
9yuawnhu-9ush-6ayh-5shy-9iueg7yh2ian,fake,frontal,facemask,non-binary
78uhgty6-3ygh-8ytf-g7ug-764gty8jut5y,real,frontal,none,male
9yuawnhu-9ush-6ayh-5shy-9iueg7yh2ian,fake,frontal,facemask,non-binary
7ythahgt-7yhs-8wus-7tyh-17yhstgy73ia,real,profile,none,female
78uhgty6-3ygh-8ytf-g7ug-764gty8jut5y,real,frontal,none,male
7ythahgt-7yhs-8wus-7tyh-17yhstgy73ia,real,profile,none,female
7ythahgt-7yhs-8wus-7tyh-17yhstgy73ia,real,profile,none,female
78uhgty6-3ygh-8ytf-g7ug-764gty8jut5y,real,frontal,hat,male
7ythahgt-7yhs-8wus-7tyh-17yhstgy73ia,real,profile,none,female
9yuawnhu-9ush-6ayh-5shy-9iueg7yh2ian,fake,frontal,facemask,non-binary
78uhgty6-3ygh-8ytf-g7ug-764gty8jut5y,real,frontal,hat,male
7ythahgt-7yhs-8wus-7tyh-17yhstgy73ia,real,profile,none,female
9yuawnhu-9ush-6ayh-5shy-9iueg7yh2ian,fake,frontal,facemask,non-binary
78uhgty6-3ygh-8ytf-g7ug-764gty8jut5y,real,frontal,hat,male
78uhgty6-3ygh-8ytf-g7ug-764gty8jut5y,real,frontal,hat,male
7ythahgt-7yhs-8wus-7tyh-17yhstgy73ia,real,profile,none,female
9yuawnhu-9ush-6ayh-5shy-9iueg7yh2ian,fake,frontal,facemask,non-binary
78uhgty6-3ygh-8ytf-g7ug-764gty8jut5y,real,frontal,hat,male
7ythahgt-7yhs-8wus-7tyh-17yhstgy73ia,real,profile,none,female
78uhgty6-3ygh-8ytf-g7ug-764gty8jut5y,real,frontal,hat,male
78uhgty6-3ygh-8ytf-g7ug-764gty8jut5y,real,frontal,hat,male
78uhgty6-3ygh-8ytf-g7ug-764gty8jut5y,real,frontal,hat,male
9yuawnhu-9ush-6ayh-5shy-9iueg7yh2ian,real,frontal,facemask,male
7ythahgt-7yhs-8wus-7tyh-17yhstgy73ia,real,profile,none,female
9yuawnhu-9ush-6ayh-5shy-9iueg7yh2ian,fake,frontal,facemask,non-binary
9yuawnhu-9ush-6ayh-5shy-9iueg7yh2ian,fake,frontal,facemask,non-binary
7ythahgt-7yhs-8wus-7tyh-17yhstgy73ia,real,profile,none,female
9yuawnhu-9ush-6ayh-5shy-9iueg7yh2ian,fake,frontal,facemask,non-binary
7ythahgt-7yhs-8wus-7tyh-17yhstgy73ia,real,profile,none,female
78uhgty6-3ygh-8ytf-g7ug-764gty8jut5y,real,frontal,hat,female
78uhgty6-3ygh-8ytf-g7ug-764gty8jut5y,real,frontal,hat,male
78uhgty6-3ygh-8ytf-g7ug-764gty8jut5y,real,frontal,hat,male
7ythahgt-7yhs-8wus-7tyh-17yhstgy73ia,real,profile,none,female
7ythahgt-7yhs-8wus-7tyh-17yhstgy73ia,real,profile,none,female
7ythahgt-7yhs-8wus-7tyh-17yhstgy73ia,real,profile,none,female
78uhgty6-3ygh-8ytf-g7ug-764gty8jut5y,real,frontal,hat,male
7ythahgt-7yhs-8wus-7tyh-17yhstgy73ia,real,profile,none,female
78uhgty6-3ygh-8ytf-g7ug-764gty8jut5y,real,frontal,hat,male
9yuawnhu-9ush-6ayh-5shy-9iueg7yh2ian,fake,frontal,facemask,non-binary
7ythahgt-7yhs-8wus-7tyh-17yhstgy73ia,real,profile,none,female
7ythahgt-7yhs-8wus-7tyh-17yhstgy73ia,real,profile,none,female
78uhgty6-3ygh-8ytf-g7ug-764gty8jut5y,real,frontal,hat,male
7ythahgt-7yhs-8wus-7tyh-17yhstgy73ia,real,profile,none,female
7ythahgt-7yhs-8wus-7tyh-17yhstgy73ia,real,profile,none,male
9yuawnhu-9ush-6ayh-5shy-9iueg7yh2ian,fake,frontal,facemask,non-binary
7ythahgt-7yhs-8wus-7tyh-17yhstgy73ia,real,profile,none,female
7ythahgt-7yhs-8wus-7tyh-17yhstgy73ia,real,profile,none,female
78uhgty6-3ygh-8ytf-g7ug-764gty8jut5y,real,frontal,hat,male
7ythahgt-7yhs-8wus-7tyh-17yhstgy73ia,real,profile,none,female
7ythahgt-7yhs-8wus-7tyh-17yhstgy73ia,real,profile,none,female
78uhgty6-3ygh-8ytf-g7ug-764gty8jut5y,real,frontal,hat,male
7ythahgt-7yhs-8wus-7tyh-17yhstgy73ia,real,profile,none,female
7ythahgt-7yhs-8wus-7tyh-17yhstgy73ia,real,profile,none,female
9yuawnhu-9ush-6ayh-5shy-9iueg7yh2ian,fake,frontal,facemask,non-binary
7ythahgt-7yhs-8wus-7tyh-17yhstgy73ia,real,profile,none,female
78uhgty6-3ygh-8ytf-g7ug-764gty8jut5y,real,frontal,hat,non-binary
7ythahgt-7yhs-8wus-7tyh-17yhstgy73ia,real,profile,none,female
7ythahgt-7yhs-8wus-7tyh-17yhstgy73ia,real,profile,none,female
9yuawnhu-9ush-6ayh-5shy-9iueg7yh2ian,fake,frontal,facemask,non-binary
7ythahgt-7yhs-8wus-7tyh-17yhstgy73ia,real,profile,none,female
9yuawnhu-9ush-6ayh-5shy-9iueg7yh2ian,fake,frontal,facemask,non-binary
78uhgty6-3ygh-8ytf-g7ug-764gty8jut5y,real,frontal,hat,male
9yuawnhu-9ush-6ayh-5shy-9iueg7yh2ian,fake,frontal,facemask,non-binary
9yuawnhu-9ush-6ayh-5shy-9iueg7yh2ian,fake,frontal,facemask,non-binary
7ythahgt-7yhs-8wus-7tyh-17yhstgy73ia,real,profile,none,female
78uhgty6-3ygh-8ytf-g7ug-764gty8jut5y,real,frontal,facemask,male
78uhgty6-3ygh-8ytf-g7ug-764gty8jut5y,real,frontal,hat,male
9yuawnhu-9ush-6ayh-5shy-9iueg7yh2ian,fake,frontal,facemask,non-binary
9yuawnhu-9ush-6ayh-5shy-9iueg7yh2ian,fake,frontal,facemask,non-binary
78uhgty6-3ygh-8ytf-g7ug-764gty8jut5y,real,frontal,hat,male
78uhgty6-3ygh-8ytf-g7ug-764gty8jut5y,fake,frontal,facemask,male
78uhgty6-3ygh-8ytf-g7ug-764gty8jut5y,real,profile,hat,female
9yuawnhu-9ush-6ayh-5shy-9iueg7yh2ian,fake,frontal,facemask,non-binary
7ythahgt-7yhs-8wus-7tyh-17yhstgy73ia,real,profile,none,female
7ythahgt-7yhs-8wus-7tyh-17yhstgy73ia,real,profile,none,female
9yuawnhu-9ush-6ayh-5shy-9iueg7yh2ian,fake,frontal,facemask,non-binary
9yuawnhu-9ush-6ayh-5shy-9iueg7yh2ian,fake,frontal,facemask,non-binary
7ythahgt-7yhs-8wus-7tyh-17yhstgy73ia,real,profile,none,male
9yuawnhu-9ush-6ayh-5shy-9iueg7yh2ian,fake,frontal,facemask,non-binary
7ythahgt-7yhs-8wus-7tyh-17yhstgy73ia,real,profile,none,female
9yuawnhu-9ush-6ayh-5shy-9iueg7yh2ian,fake,frontal,facemask,non-binary
7ythahgt-7yhs-8wus-7tyh-17yhstgy73ia,real,profile,none,female
7ythahgt-7yhs-8wus-7tyh-17yhstgy73ia,real,profile,none,female
9yuawnhu-9ush-6ayh-5shy-9iueg7yh2ian,fake,frontal,facemask,non-binary
9yuawnhu-9ush-6ayh-5shy-9iueg7yh2ian,fake,frontal,facemask,non-binary
9yuawnhu-9ush-6ayh-5shy-9iueg7yh2ian,fake,frontal,facemask,non-binary
7ythahgt-7yhs-8wus-7tyh-17yhstgy73ia,real,profile,none,female
7ythahgt-7yhs-8wus-7tyh-17yhstgy73ia,real,profile,none,female
9yuawnhu-9ush-6ayh-5shy-9iueg7yh2ian,fake,frontal,facemask,non-binary
9yuawnhu-9ush-6ayh-5shy-9iueg7yh2ian,fake,frontal,facemask,non-binary
78uhgty6-3ygh-8ytf-g7ug-764gty8jut5y,real,frontal,hat,non-binary
9yuawnhu-9ush-6ayh-5shy-9iueg7yh2ian,fake,frontal,facemask,non-binary
9yuawnhu-9ush-6ayh-5shy-9iueg7yh2ian,fake,frontal,facemask,non-binary
7ythahgt-7yhs-8wus-7tyh-17yhstgy73ia,real,profile,hat,female
78uhgty6-3ygh-8ytf-g7ug-764gty8jut5y,real,frontal,hat,male
7ythahgt-7yhs-8wus-7tyh-17yhstgy73ia,real,profile,none,female
9yuawnhu-9ush-6ayh-5shy-9iueg7yh2ian,fake,frontal,facemask,non-binary
78uhgty6-3ygh-8ytf-g7ug-764gty8jut5y,real,frontal,hat,male
9yuawnhu-9ush-6ayh-5shy-9iueg7yh2ian,fake,frontal,facemask,non-binary
9yuawnhu-9ush-6ayh-5shy-9iueg7yh2ian,fake,frontal,facemask,non-binary
7ythahgt-7yhs-8wus-7tyh-17yhstgy73ia,real,profile,none,female
9yuawnhu-9ush-6ayh-5shy-9iueg7yh2ian,fake,frontal,facemask,non-binary
78uhgty6-3ygh-8ytf-g7ug-764gty8jut5y,real,frontal,hat,male
9yuawnhu-9ush-6ayh-5shy-9iueg7yh2ian,fake,frontal,facemask,non-binary
7ythahgt-7yhs-8wus-7tyh-17yhstgy73ia,real,profile,none,female
7ythahgt-7yhs-8wus-7tyh-17yhstgy73ia,real,profile,none,female
78uhgty6-3ygh-8ytf-g7ug-764gty8jut5y,real,frontal,hat,male
9yuawnhu-9ush-6ayh-5shy-9iueg7yh2ian,real,frontal,facemask,non-binary
9yuawnhu-9ush-6ayh-5shy-9iueg7yh2ian,fake,frontal,facemask,non-binary
78uhgty6-3ygh-8ytf-g7ug-764gty8jut5y,real,frontal,hat,male
9yuawnhu-9ush-6ayh-5shy-9iueg7yh2ian,fake,frontal,facemask,non-binary
7ythahgt-7yhs-8wus-7tyh-17yhstgy73ia,real,profile,none,female
9yuawnhu-9ush-6ayh-5shy-9iueg7yh2ian,fake,frontal,facemask,non-binary
7ythahgt-7yhs-8wus-7tyh-17yhstgy73ia,real,profile,none,female
7ythahgt-7yhs-8wus-7tyh-17yhstgy73ia,real,profile,none,female
9yuawnhu-9ush-6ayh-5shy-9iueg7yh2ian,fake,frontal,facemask,non-binary
78uhgty6-3ygh-8ytf-g7ug-764gty8jut5y,real,frontal,hat,male
9yuawnhu-9ush-6ayh-5shy-9iueg7yh2ian,fake,frontal,facemask,non-binary
9yuawnhu-9ush-6ayh-5shy-9iueg7yh2ian,fake,frontal,facemask,non-binary
7ythahgt-7yhs-8wus-7tyh-17yhstgy73ia,real,profile,none,female
78uhgty6-3ygh-8ytf-g7ug-764gty8jut5y,real,frontal,hat,male
7ythahgt-7yhs-8wus-7tyh-17yhstgy73ia,fake,frontal,facemask,non-binary
7ythahgt-7yhs-8wus-7tyh-17yhstgy73ia,real,profile,none,female
7ythahgt-7yhs-8wus-7tyh-17yhstgy73ia,real,profile,none,female
78uhgty6-3ygh-8ytf-g7ug-764gty8jut5y,real,frontal,hat,male
78uhgty6-3ygh-8ytf-g7ug-764gty8jut5y,real,frontal,hat,male
7ythahgt-7yhs-8wus-7tyh-17yhstgy73ia,real,profile,none,female
9yuawnhu-9ush-6ayh-5shy-9iueg7yh2ian,fake,frontal,facemask,non-binary
78uhgty6-3ygh-8ytf-g7ug-764gty8jut5y,real,frontal,hat,male
7ythahgt-7yhs-8wus-7tyh-17yhstgy73ia,real,profile,none,female
9yuawnhu-9ush-6ayh-5shy-9iueg7yh2ian,fake,frontal,facemask,non-binary
9yuawnhu-9ush-6ayh-5shy-9iueg7yh2ian,fake,frontal,facemask,non-binary
78uhgty6-3ygh-8ytf-g7ug-764gty8jut5y,real,frontal,hat,male
78uhgty6-3ygh-8ytf-g7ug-764gty8jut5y,real,frontal,hat,male
78uhgty6-3ygh-8ytf-g7ug-764gty8jut5y,real,frontal,hat,male
78uhgty6-3ygh-8ytf-g7ug-764gty8jut5y,real,frontal,hat,male
9yuawnhu-9ush-6ayh-5shy-9iueg7yh2ian,fake,frontal,facemask,non-binary
9yuawnhu-9ush-6ayh-5shy-9iueg7yh2ian,real,frontal,hat,non-binary
9yuawnhu-9ush-6ayh-5shy-9iueg7yh2ian,fake,frontal,facemask,non-binary
78uhgty6-3ygh-8ytf-g7ug-764gty8jut5y,real,frontal,hat,male
9yuawnhu-9ush-6ayh-5shy-9iueg7yh2ian,fake,frontal,facemask,non-binary
7ythahgt-7yhs-8wus-7tyh-17yhstgy73ia,real,profile,none,female
9yuawnhu-9ush-6ayh-5shy-9iueg7yh2ian,real,frontal,facemask,non-binary
78uhgty6-3ygh-8ytf-g7ug-764gty8jut5y,fake,frontal,hat,male
7ythahgt-7yhs-8wus-7tyh-17yhstgy73ia,real,frontal,hat,male
7ythahgt-7yhs-8wus-7tyh-17yhstgy73ia,real,profile,none,female
7ythahgt-7yhs-8wus-7tyh-17yhstgy73ia,real,profile,none,female
7ythahgt-7yhs-8wus-7tyh-17yhstgy73ia,real,profile,none,female
7ythahgt-7yhs-8wus-7tyh-17yhstgy73ia,real,profile,none,female
78uhgty6-3ygh-8ytf-g7ug-764gty8jut5y,real,frontal,hat,male
78uhgty6-3ygh-8ytf-g7ug-764gty8jut5y,real,frontal,hat,male
9yuawnhu-9ush-6ayh-5shy-9iueg7yh2ian,fake,frontal,facemask,non-binary
9yuawnhu-9ush-6ayh-5shy-9iueg7yh2ian,fake,frontal,facemask,non-binary
7ythahgt-7yhs-8wus-7tyh-17yhstgy73ia,real,profile,none,female
7ythahgt-7yhs-8wus-7tyh-17yhstgy73ia,real,profile,none,female
78uhgty6-3ygh-8ytf-g7ug-764gty8jut5y,real,frontal,none,male
78uhgty6-3ygh-8ytf-g7ug-764gty8jut5y,real,frontal,hat,male
9yuawnhu-9ush-6ayh-5shy-9iueg7yh2ian,fake,frontal,hat,non-binary
9yuawnhu-9ush-6ayh-5shy-9iueg7yh2ian,fake,frontal,facemask,non-binary
78uhgty6-3ygh-8ytf-g7ug-764gty8jut5y,real,frontal,hat,male
9yuawnhu-9ush-6ayh-5shy-9iueg7yh2ian,fake,frontal,facemask,non-binary
9yuawnhu-9ush-6ayh-5shy-9iueg7yh2ian,fake,frontal,facemask,non-binary
9yuawnhu-9ush-6ayh-5shy-9iueg7yh2ian,fake,frontal,facemask,non-binary
9yuawnhu-9ush-6ayh-5shy-9iueg7yh2ian,fake,frontal,facemask,non-binary
78uhgty6-3ygh-8ytf-g7ug-764gty8jut5y,real,frontal,hat,male
78uhgty6-3ygh-8ytf-g7ug-764gty8jut5y,real,frontal,hat,male
9yuawnhu-9ush-6ayh-5shy-9iueg7yh2ian,fake,frontal,facemask,non-binary
9yuawnhu-9ush-6ayh-5shy-9iueg7yh2ian,fake,frontal,facemask,non-binary
78uhgty6-3ygh-8ytf-g7ug-764gty8jut5y,real,frontal,hat,male
9yuawnhu-9ush-6ayh-5shy-9iueg7yh2ian,fake,frontal,facemask,non-binary
9yuawnhu-9ush-6ayh-5shy-9iueg7yh2ian,fake,frontal,facemask,non-binary
78uhgty6-3ygh-8ytf-g7ug-764gty8jut5y,real,frontal,hat,male
78uhgty6-3ygh-8ytf-g7ug-764gty8jut5y,real,frontal,hat,male
78uhgty6-3ygh-8ytf-g7ug-764gty8jut5y,real,frontal,hat,male
7ythahgt-7yhs-8wus-7tyh-17yhstgy73ia,real,profile,none,female
7ythahgt-7yhs-8wus-7tyh-17yhstgy73ia,real,frontal,none,male
78uhgty6-3ygh-8ytf-g7ug-764gty8jut5y,fake,frontal,facemask,non-binary
9yuawnhu-9ush-6ayh-5shy-9iueg7yh2ian,fake,frontal,facemask,non-binary
7ythahgt-7yhs-8wus-7tyh-17yhstgy73ia,real,profile,none,female
9yuawnhu-9ush-6ayh-5shy-9iueg7yh2ian,fake,frontal,facemask,non-binary
78uhgty6-3ygh-8ytf-g7ug-764gty8jut5y,real,frontal,hat,male
7ythahgt-7yhs-8wus-7tyh-17yhstgy73ia,real,profile,none,female
9yuawnhu-9ush-6ayh-5shy-9iueg7yh2ian,fake,frontal,hat,non-binary
7ythahgt-7yhs-8wus-7tyh-17yhstgy73ia,real,frontal,none,male
9yuawnhu-9ush-6ayh-5shy-9iueg7yh2ian,fake,frontal,facemask,non-binary
7ythahgt-7yhs-8wus-7tyh-17yhstgy73ia,real,profile,none,female
78uhgty6-3ygh-8ytf-g7ug-764gty8jut5y,real,frontal,none,female
9yuawnhu-9ush-6ayh-5shy-9iueg7yh2ian,fake,frontal,facemask,non-binary
9yuawnhu-9ush-6ayh-5shy-9iueg7yh2ian,fake,frontal,facemask,non-binary
9yuawnhu-9ush-6ayh-5shy-9iueg7yh2ian,fake,frontal,facemask,non-binary
9yuawnhu-9ush-6ayh-5shy-9iueg7yh2ian,fake,frontal,facemask,non-binary
78uhgty6-3ygh-8ytf-g7ug-764gty8jut5y,real,frontal,hat,male
9yuawnhu-9ush-6ayh-5shy-9iueg7yh2ian,fake,frontal,facemask,non-binary
9yuawnhu-9ush-6ayh-5shy-9iueg7yh2ian,real,frontal,hat,male
78uhgty6-3ygh-8ytf-g7ug-764gty8jut5y,real,frontal,hat,male
7ythahgt-7yhs-8wus-7tyh-17yhstgy73ia,real,profile,none,female
7ythahgt-7yhs-8wus-7tyh-17yhstgy73ia,real,profile,none,female
78uhgty6-3ygh-8ytf-g7ug-764gty8jut5y,real,profile,hat,male
9yuawnhu-9ush-6ayh-5shy-9iueg7yh2ian,fake,frontal,facemask,non-binary
7ythahgt-7yhs-8wus-7tyh-17yhstgy73ia,real,profile,none,female
7ythahgt-7yhs-8wus-7tyh-17yhstgy73ia,real,profile,none,female
9yuawnhu-9ush-6ayh-5shy-9iueg7yh2ian,fake,frontal,facemask,non-binary
7ythahgt-7yhs-8wus-7tyh-17yhstgy73ia,real,profile,none,female
9yuawnhu-9ush-6ayh-5shy-9iueg7yh2ian,fake,frontal,facemask,non-binary
9yuawnhu-9ush-6ayh-5shy-9iueg7yh2ian,fake,frontal,facemask,non-binary
9yuawnhu-9ush-6ayh-5shy-9iueg7yh2ian,fake,frontal,facemask,non-binary
7ythahgt-7yhs-8wus-7tyh-17yhstgy73ia,real,profile,none,female
9yuawnhu-9ush-6ayh-5shy-9iueg7yh2ian,fake,frontal,facemask,non-binary
7ythahgt-7yhs-8wus-7tyh-17yhstgy73ia,real,profile,none,female
7ythahgt-7yhs-8wus-7tyh-17yhstgy73ia,real,profile,none,female
78uhgty6-3ygh-8ytf-g7ug-764gty8jut5y,real,frontal,hat,male
9yuawnhu-9ush-6ayh-5shy-9iueg7yh2ian,fake,frontal,facemask,non-binary
7ythahgt-7yhs-8wus-7tyh-17yhstgy73ia,real,profile,none,female
9yuawnhu-9ush-6ayh-5shy-9iueg7yh2ian,fake,frontal,facemask,non-binary
9yuawnhu-9ush-6ayh-5shy-9iueg7yh2ian,fake,profile,facemask,non-binary
9yuawnhu-9ush-6ayh-5shy-9iueg7yh2ian,fake,frontal,facemask,non-binary
7ythahgt-7yhs-8wus-7tyh-17yhstgy73ia,real,profile,none,female
9yuawnhu-9ush-6ayh-5shy-9iueg7yh2ian,fake,frontal,facemask,non-binary
9yuawnhu-9ush-6ayh-5shy-9iueg7yh2ian,fake,frontal,facemask,non-binary
7ythahgt-7yhs-8wus-7tyh-17yhstgy73ia,real,profile,none,female
9yuawnhu-9ush-6ayh-5shy-9iueg7yh2ian,fake,frontal,facemask,non-binary
78uhgty6-3ygh-8ytf-g7ug-764gty8jut5y,real,frontal,hat,male
9yuawnhu-9ush-6ayh-5shy-9iueg7yh2ian,fake,frontal,facemask,non-binary
9yuawnhu-9ush-6ayh-5shy-9iueg7yh2ian,fake,frontal,facemask,non-binary
7ythahgt-7yhs-8wus-7tyh-17yhstgy73ia,real,profile,none,female
9yuawnhu-9ush-6ayh-5shy-9iueg7yh2ian,fake,frontal,facemask,non-binary
9yuawnhu-9ush-6ayh-5shy-9iueg7yh2ian,fake,frontal,facemask,non-binary
7ythahgt-7yhs-8wus-7tyh-17yhstgy73ia,real,frontal,hat,male
9yuawnhu-9ush-6ayh-5shy-9iueg7yh2ian,fake,frontal,facemask,non-binary
7ythahgt-7yhs-8wus-7tyh-17yhstgy73ia,real,profile,none,female
78uhgty6-3ygh-8ytf-g7ug-764gty8jut5y,real,profile,none,male
7ythahgt-7yhs-8wus-7tyh-17yhstgy73ia,real,profile,none,female
9yuawnhu-9ush-6ayh-5shy-9iueg7yh2ian,fake,frontal,facemask,non-binary
9yuawnhu-9ush-6ayh-5shy-9iueg7yh2ian,fake,frontal,facemask,non-binary
7ythahgt-7yhs-8wus-7tyh-17yhstgy73ia,real,profile,none,female
7ythahgt-7yhs-8wus-7tyh-17yhstgy73ia,real,profile,none,female
7ythahgt-7yhs-8wus-7tyh-17yhstgy73ia,real,profile,none,female
9yuawnhu-9ush-6ayh-5shy-9iueg7yh2ian,fake,frontal,facemask,non-binary
7ythahgt-7yhs-8wus-7tyh-17yhstgy73ia,real,profile,none,female
78uhgty6-3ygh-8ytf-g7ug-764gty8jut5y,real,profile,none,male
9yuawnhu-9ush-6ayh-5shy-9iueg7yh2ian,fake,frontal,facemask,non-binary
9yuawnhu-9ush-6ayh-5shy-9iueg7yh2ian,fake,frontal,facemask,non-binary
78uhgty6-3ygh-8ytf-g7ug-764gty8jut5y,real,frontal,hat,male
78uhgty6-3ygh-8ytf-g7ug-764gty8jut5y,real,frontal,none,male
7ythahgt-7yhs-8wus-7tyh-17yhstgy73ia,real,profile,none,female
78uhgty6-3ygh-8ytf-g7ug-764gty8jut5y,real,profile,hat,male
9yuawnhu-9ush-6ayh-5shy-9iueg7yh2ian,fake,frontal,facemask,non-binary
78uhgty6-3ygh-8ytf-g7ug-764gty8jut5y,fake,frontal,facemask,non-binary
9yuawnhu-9ush-6ayh-5shy-9iueg7yh2ian,real,frontal,facemask,non-binary
7ythahgt-7yhs-8wus-7tyh-17yhstgy73ia,real,profile,none,male
78uhgty6-3ygh-8ytf-g7ug-764gty8jut5y,real,frontal,hat,male
78uhgty6-3ygh-8ytf-g7ug-764gty8jut5y,real,frontal,hat,male
7ythahgt-7yhs-8wus-7tyh-17yhstgy73ia,real,profile,none,female
7ythahgt-7yhs-8wus-7tyh-17yhstgy73ia,real,profile,none,female
9yuawnhu-9ush-6ayh-5shy-9iueg7yh2ian,real,frontal,facemask,male
78uhgty6-3ygh-8ytf-g7ug-764gty8jut5y,real,frontal,hat,male
78uhgty6-3ygh-8ytf-g7ug-764gty8jut5y,real,frontal,hat,male
7ythahgt-7yhs-8wus-7tyh-17yhstgy73ia,real,profile,none,female
9yuawnhu-9ush-6ayh-5shy-9iueg7yh2ian,fake,frontal,facemask,non-binary
9yuawnhu-9ush-6ayh-5shy-9iueg7yh2ian,fake,frontal,facemask,non-binary
9yuawnhu-9ush-6ayh-5shy-9iueg7yh2ian,fake,frontal,facemask,non-binary
9yuawnhu-9ush-6ayh-5shy-9iueg7yh2ian,fake,frontal,facemask,non-binary
78uhgty6-3ygh-8ytf-g7ug-764gty8jut5y,real,frontal,hat,male
9yuawnhu-9ush-6ayh-5shy-9iueg7yh2ian,fake,frontal,facemask,non-binary
7ythahgt-7yhs-8wus-7tyh-17yhstgy73ia,real,profile,hat,male
7ythahgt-7yhs-8wus-7tyh-17yhstgy73ia,real,profile,none,female
78uhgty6-3ygh-8ytf-g7ug-764gty8jut5y,real,frontal,hat,male
78uhgty6-3ygh-8ytf-g7ug-764gty8jut5y,real,frontal,hat,male
7ythahgt-7yhs-8wus-7tyh-17yhstgy73ia,real,profile,none,female
7ythahgt-7yhs-8wus-7tyh-17yhstgy73ia,real,profile,none,female
78uhgty6-3ygh-8ytf-g7ug-764gty8jut5y,real,frontal,none,female
78uhgty6-3ygh-8ytf-g7ug-764gty8jut5y,real,frontal,hat,male
7ythahgt-7yhs-8wus-7tyh-17yhstgy73ia,real,profile,none,female
9yuawnhu-9ush-6ayh-5shy-9iueg7yh2ian,fake,frontal,facemask,non-binary
78uhgty6-3ygh-8ytf-g7ug-764gty8jut5y,real,frontal,hat,male
78uhgty6-3ygh-8ytf-g7ug-764gty8jut5y,real,frontal,hat,male
7ythahgt-7yhs-8wus-7tyh-17yhstgy73ia,real,profile,none,female
7ythahgt-7yhs-8wus-7tyh-17yhstgy73ia,real,profile,none,female
9yuawnhu-9ush-6ayh-5shy-9iueg7yh2ian,fake,frontal,facemask,non-binary
78uhgty6-3ygh-8ytf-g7ug-764gty8jut5y,real,frontal,hat,male
7ythahgt-7yhs-8wus-7tyh-17yhstgy73ia,real,profile,none,female
9yuawnhu-9ush-6ayh-5shy-9iueg7yh2ian,fake,frontal,facemask,non-binary
9yuawnhu-9ush-6ayh-5shy-9iueg7yh2ian,fake,frontal,facemask,non-binary
9yuawnhu-9ush-6ayh-5shy-9iueg7yh2ian,fake,frontal,facemask,non-binary
78uhgty6-3ygh-8ytf-g7ug-764gty8jut5y,real,frontal,hat,male
78uhgty6-3ygh-8ytf-g7ug-764gty8jut5y,real,frontal,hat,male
7ythahgt-7yhs-8wus-7tyh-17yhstgy73ia,real,profile,hat,female
78uhgty6-3ygh-8ytf-g7ug-764gty8jut5y,real,frontal,hat,male
78uhgty6-3ygh-8ytf-g7ug-764gty8jut5y,real,frontal,hat,male
78uhgty6-3ygh-8ytf-g7ug-764gty8jut5y,real,frontal,hat,male
7ythahgt-7yhs-8wus-7tyh-17yhstgy73ia,real,profile,none,female
9yuawnhu-9ush-6ayh-5shy-9iueg7yh2ian,fake,frontal,facemask,non-binary
78uhgty6-3ygh-8ytf-g7ug-764gty8jut5y,real,frontal,hat,male
9yuawnhu-9ush-6ayh-5shy-9iueg7yh2ian,fake,frontal,facemask,non-binary
7ythahgt-7yhs-8wus-7tyh-17yhstgy73ia,real,profile,none,female
9yuawnhu-9ush-6ayh-5shy-9iueg7yh2ian,fake,frontal,facemask,male
78uhgty6-3ygh-8ytf-g7ug-764gty8jut5y,real,frontal,hat,non-binary
7ythahgt-7yhs-8wus-7tyh-17yhstgy73ia,real,profile,none,female
9yuawnhu-9ush-6ayh-5shy-9iueg7yh2ian,fake,frontal,facemask,non-binary
9yuawnhu-9ush-6ayh-5shy-9iueg7yh2ian,fake,frontal,facemask,non-binary
9yuawnhu-9ush-6ayh-5shy-9iueg7yh2ian,fake,frontal,facemask,male
9yuawnhu-9ush-6ayh-5shy-9iueg7yh2ian,real,frontal,facemask,non-binary
9yuawnhu-9ush-6ayh-5shy-9iueg7yh2ian,fake,frontal,facemask,non-binary
7ythahgt-7yhs-8wus-7tyh-17yhstgy73ia,real,profile,none,female
7ythahgt-7yhs-8wus-7tyh-17yhstgy73ia,real,profile,none,female
9yuawnhu-9ush-6ayh-5shy-9iueg7yh2ian,fake,frontal,facemask,non-binary
7ythahgt-7yhs-8wus-7tyh-17yhstgy73ia,real,profile,none,female
7ythahgt-7yhs-8wus-7tyh-17yhstgy73ia,real,profile,none,female
9yuawnhu-9ush-6ayh-5shy-9iueg7yh2ian,fake,frontal,facemask,non-binary
7ythahgt-7yhs-8wus-7tyh-17yhstgy73ia,real,profile,none,female
9yuawnhu-9ush-6ayh-5shy-9iueg7yh2ian,fake,frontal,facemask,non-binary
7ythahgt-7yhs-8wus-7tyh-17yhstgy73ia,real,profile,hat,female
9yuawnhu-9ush-6ayh-5shy-9iueg7yh2ian,real,frontal,hat,non-binary
7ythahgt-7yhs-8wus-7tyh-17yhstgy73ia,real,profile,none,female
7ythahgt-7yhs-8wus-7tyh-17yhstgy73ia,real,profile,none,female
78uhgty6-3ygh-8ytf-g7ug-764gty8jut5y,real,frontal,hat,male
78uhgty6-3ygh-8ytf-g7ug-764gty8jut5y,real,frontal,hat,male
78uhgty6-3ygh-8ytf-g7ug-764gty8jut5y,real,frontal,hat,male
9yuawnhu-9ush-6ayh-5shy-9iueg7yh2ian,real,frontal,hat,male
9yuawnhu-9ush-6ayh-5shy-9iueg7yh2ian,fake,frontal,facemask,non-binary
9yuawnhu-9ush-6ayh-5shy-9iueg7yh2ian,fake,frontal,facemask,non-binary
78uhgty6-3ygh-8ytf-g7ug-764gty8jut5y,real,frontal,hat,male
7ythahgt-7yhs-8wus-7tyh-17yhstgy73ia,real,profile,none,female
9yuawnhu-9ush-6ayh-5shy-9iueg7yh2ian,fake,frontal,facemask,non-binary
9yuawnhu-9ush-6ayh-5shy-9iueg7yh2ian,fake,frontal,facemask,non-binary
7ythahgt-7yhs-8wus-7tyh-17yhstgy73ia,real,profile,none,female
9yuawnhu-9ush-6ayh-5shy-9iueg7yh2ian,fake,frontal,facemask,non-binary
78uhgty6-3ygh-8ytf-g7ug-764gty8jut5y,real,frontal,hat,male
7ythahgt-7yhs-8wus-7tyh-17yhstgy73ia,real,profile,none,female
78uhgty6-3ygh-8ytf-g7ug-764gty8jut5y,fake,frontal,hat,male
7ythahgt-7yhs-8wus-7tyh-17yhstgy73ia,real,profile,none,female
78uhgty6-3ygh-8ytf-g7ug-764gty8jut5y,real,profile,hat,female
9yuawnhu-9ush-6ayh-5shy-9iueg7yh2ian,fake,frontal,facemask,non-binary
78uhgty6-3ygh-8ytf-g7ug-764gty8jut5y,real,frontal,hat,male
9yuawnhu-9ush-6ayh-5shy-9iueg7yh2ian,fake,frontal,hat,male
78uhgty6-3ygh-8ytf-g7ug-764gty8jut5y,real,frontal,hat,male
78uhgty6-3ygh-8ytf-g7ug-764gty8jut5y,real,frontal,hat,male
7ythahgt-7yhs-8wus-7tyh-17yhstgy73ia,real,frontal,none,female
9yuawnhu-9ush-6ayh-5shy-9iueg7yh2ian,fake,frontal,facemask,non-binary
9yuawnhu-9ush-6ayh-5shy-9iueg7yh2ian,fake,frontal,facemask,non-binary
7ythahgt-7yhs-8wus-7tyh-17yhstgy73ia,real,profile,none,female
78uhgty6-3ygh-8ytf-g7ug-764gty8jut5y,real,frontal,hat,male
7ythahgt-7yhs-8wus-7tyh-17yhstgy73ia,real,profile,none,female
9yuawnhu-9ush-6ayh-5shy-9iueg7yh2ian,fake,frontal,facemask,non-binary
9yuawnhu-9ush-6ayh-5shy-9iueg7yh2ian,fake,frontal,facemask,non-binary
7ythahgt-7yhs-8wus-7tyh-17yhstgy73ia,real,profile,none,female
9yuawnhu-9ush-6ayh-5shy-9iueg7yh2ian,fake,frontal,facemask,non-binary
7ythahgt-7yhs-8wus-7tyh-17yhstgy73ia,real,profile,none,female
7ythahgt-7yhs-8wus-7tyh-17yhstgy73ia,real,profile,none,female
7ythahgt-7yhs-8wus-7tyh-17yhstgy73ia,real,profile,none,female
78uhgty6-3ygh-8ytf-g7ug-764gty8jut5y,real,frontal,hat,non-binary
78uhgty6-3ygh-8ytf-g7ug-764gty8jut5y,real,frontal,hat,female
9yuawnhu-9ush-6ayh-5shy-9iueg7yh2ian,fake,frontal,facemask,non-binary
9yuawnhu-9ush-6ayh-5shy-9iueg7yh2ian,fake,frontal,facemask,non-binary
9yuawnhu-9ush-6ayh-5shy-9iueg7yh2ian,real,frontal,facemask,male
78uhgty6-3ygh-8ytf-g7ug-764gty8jut5y,real,frontal,hat,male
78uhgty6-3ygh-8ytf-g7ug-764gty8jut5y,real,frontal,hat,male
9yuawnhu-9ush-6ayh-5shy-9iueg7yh2ian,fake,frontal,facemask,non-binary
9yuawnhu-9ush-6ayh-5shy-9iueg7yh2ian,fake,frontal,facemask,non-binary
7ythahgt-7yhs-8wus-7tyh-17yhstgy73ia,real,profile,none,female
78uhgty6-3ygh-8ytf-g7ug-764gty8jut5y,real,frontal,hat,male
9yuawnhu-9ush-6ayh-5shy-9iueg7yh2ian,fake,frontal,facemask,non-binary
78uhgty6-3ygh-8ytf-g7ug-764gty8jut5y,real,frontal,hat,male
78uhgty6-3ygh-8ytf-g7ug-764gty8jut5y,real,frontal,hat,male
9yuawnhu-9ush-6ayh-5shy-9iueg7yh2ian,fake,frontal,facemask,non-binary
78uhgty6-3ygh-8ytf-g7ug-764gty8jut5y,real,frontal,hat,male
78uhgty6-3ygh-8ytf-g7ug-764gty8jut5y,real,frontal,hat,male
7ythahgt-7yhs-8wus-7tyh-17yhstgy73ia,real,profile,none,female
7ythahgt-7yhs-8wus-7tyh-17yhstgy73ia,real,profile,none,female
78uhgty6-3ygh-8ytf-g7ug-764gty8jut5y,real,frontal,hat,male
78uhgty6-3ygh-8ytf-g7ug-764gty8jut5y,real,frontal,none,female
7ythahgt-7yhs-8wus-7tyh-17yhstgy73ia,real,profile,none,female
9yuawnhu-9ush-6ayh-5shy-9iueg7yh2ian,fake,frontal,facemask,non-binary
78uhgty6-3ygh-8ytf-g7ug-764gty8jut5y,real,frontal,hat,male
9yuawnhu-9ush-6ayh-5shy-9iueg7yh2ian,fake,frontal,none,non-binary
9yuawnhu-9ush-6ayh-5shy-9iueg7yh2ian,fake,frontal,facemask,non-binary
9yuawnhu-9ush-6ayh-5shy-9iueg7yh2ian,fake,frontal,facemask,non-binary
9yuawnhu-9ush-6ayh-5shy-9iueg7yh2ian,fake,frontal,facemask,non-binary
9yuawnhu-9ush-6ayh-5shy-9iueg7yh2ian,fake,frontal,facemask,male
78uhgty6-3ygh-8ytf-g7ug-764gty8jut5y,real,frontal,hat,male
9yuawnhu-9ush-6ayh-5shy-9iueg7yh2ian,fake,frontal,facemask,non-binary
9yuawnhu-9ush-6ayh-5shy-9iueg7yh2ian,real,frontal,hat,non-binary
78uhgty6-3ygh-8ytf-g7ug-764gty8jut5y,real,frontal,hat,male
78uhgty6-3ygh-8ytf-g7ug-764gty8jut5y,real,frontal,hat,male
9yuawnhu-9ush-6ayh-5shy-9iueg7yh2ian,fake,frontal,facemask,non-binary
7ythahgt-7yhs-8wus-7tyh-17yhstgy73ia,real,profile,hat,female
7ythahgt-7yhs-8wus-7tyh-17yhstgy73ia,real,profile,none,female
9yuawnhu-9ush-6ayh-5shy-9iueg7yh2ian,fake,frontal,facemask,non-binary
7ythahgt-7yhs-8wus-7tyh-17yhstgy73ia,real,profile,none,female
9yuawnhu-9ush-6ayh-5shy-9iueg7yh2ian,fake,frontal,facemask,non-binary
7ythahgt-7yhs-8wus-7tyh-17yhstgy73ia,real,profile,none,female
7ythahgt-7yhs-8wus-7tyh-17yhstgy73ia,real,profile,none,female
78uhgty6-3ygh-8ytf-g7ug-764gty8jut5y,real,frontal,hat,male
9yuawnhu-9ush-6ayh-5shy-9iueg7yh2ian,fake,frontal,facemask,non-binary
9yuawnhu-9ush-6ayh-5shy-9iueg7yh2ian,fake,frontal,facemask,non-binary
7ythahgt-7yhs-8wus-7tyh-17yhstgy73ia,real,profile,none,female
78uhgty6-3ygh-8ytf-g7ug-764gty8jut5y,real,frontal,hat,male
9yuawnhu-9ush-6ayh-5shy-9iueg7yh2ian,fake,frontal,facemask,non-binary
9yuawnhu-9ush-6ayh-5shy-9iueg7yh2ian,fake,frontal,facemask,non-binary
7ythahgt-7yhs-8wus-7tyh-17yhstgy73ia,real,profile,none,female
9yuawnhu-9ush-6ayh-5shy-9iueg7yh2ian,fake,frontal,facemask,non-binary
78uhgty6-3ygh-8ytf-g7ug-764gty8jut5y,fake,frontal,facemask,non-binary
9yuawnhu-9ush-6ayh-5shy-9iueg7yh2ian,fake,frontal,facemask,non-binary
9yuawnhu-9ush-6ayh-5shy-9iueg7yh2ian,fake,frontal,facemask,non-binary
7ythahgt-7yhs-8wus-7tyh-17yhstgy73ia,real,frontal,none,male
78uhgty6-3ygh-8ytf-g7ug-764gty8jut5y,real,frontal,hat,male
78uhgty6-3ygh-8ytf-g7ug-764gty8jut5y,real,frontal,facemask,male
7ythahgt-7yhs-8wus-7tyh-17yhstgy73ia,real,profile,none,female
9yuawnhu-9ush-6ayh-5shy-9iueg7yh2ian,real,frontal,hat,male
7ythahgt-7yhs-8wus-7tyh-17yhstgy73ia,real,profile,none,female
78uhgty6-3ygh-8ytf-g7ug-764gty8jut5y,real,frontal,hat,male
7ythahgt-7yhs-8wus-7tyh-17yhstgy73ia,real,profile,none,female
7ythahgt-7yhs-8wus-7tyh-17yhstgy73ia,real,profile,none,female
78uhgty6-3ygh-8ytf-g7ug-764gty8jut5y,real,frontal,hat,male
9yuawnhu-9ush-6ayh-5shy-9iueg7yh2ian,fake,frontal,facemask,non-binary
7ythahgt-7yhs-8wus-7tyh-17yhstgy73ia,real,profile,none,female
7ythahgt-7yhs-8wus-7tyh-17yhstgy73ia,real,profile,none,female
9yuawnhu-9ush-6ayh-5shy-9iueg7yh2ian,fake,frontal,facemask,non-binary
78uhgty6-3ygh-8ytf-g7ug-764gty8jut5y,real,frontal,hat,male
7ythahgt-7yhs-8wus-7tyh-17yhstgy73ia,real,profile,none,female
78uhgty6-3ygh-8ytf-g7ug-764gty8jut5y,real,frontal,hat,male
7ythahgt-7yhs-8wus-7tyh-17yhstgy73ia,real,profile,none,female
7ythahgt-7yhs-8wus-7tyh-17yhstgy73ia,real,profile,none,female
9yuawnhu-9ush-6ayh-5shy-9iueg7yh2ian,fake,frontal,facemask,male
7ythahgt-7yhs-8wus-7tyh-17yhstgy73ia,real,profile,none,female
7ythahgt-7yhs-8wus-7tyh-17yhstgy73ia,real,profile,hat,female
9yuawnhu-9ush-6ayh-5shy-9iueg7yh2ian,real,frontal,facemask,non-binary
78uhgty6-3ygh-8ytf-g7ug-764gty8jut5y,real,profile,none,female
78uhgty6-3ygh-8ytf-g7ug-764gty8jut5y,real,profile,none,female
78uhgty6-3ygh-8ytf-g7ug-764gty8jut5y,real,frontal,hat,male
7ythahgt-7yhs-8wus-7tyh-17yhstgy73ia,real,profile,none,female
78uhgty6-3ygh-8ytf-g7ug-764gty8jut5y,real,frontal,hat,male
7ythahgt-7yhs-8wus-7tyh-17yhstgy73ia,real,profile,none,male
78uhgty6-3ygh-8ytf-g7ug-764gty8jut5y,real,frontal,hat,male
78uhgty6-3ygh-8ytf-g7ug-764gty8jut5y,real,frontal,hat,male
9yuawnhu-9ush-6ayh-5shy-9iueg7yh2ian,fake,frontal,facemask,non-binary
78uhgty6-3ygh-8ytf-g7ug-764gty8jut5y,real,frontal,hat,male
78uhgty6-3ygh-8ytf-g7ug-764gty8jut5y,real,frontal,hat,male
9yuawnhu-9ush-6ayh-5shy-9iueg7yh2ian,real,frontal,hat,male
7ythahgt-7yhs-8wus-7tyh-17yhstgy73ia,real,profile,none,female
78uhgty6-3ygh-8ytf-g7ug-764gty8jut5y,real,frontal,hat,male
78uhgty6-3ygh-8ytf-g7ug-764gty8jut5y,real,frontal,hat,female
7ythahgt-7yhs-8wus-7tyh-17yhstgy73ia,real,profile,none,female
9yuawnhu-9ush-6ayh-5shy-9iueg7yh2ian,fake,frontal,facemask,non-binary
9yuawnhu-9ush-6ayh-5shy-9iueg7yh2ian,fake,frontal,facemask,non-binary
7ythahgt-7yhs-8wus-7tyh-17yhstgy73ia,real,profile,none,female
7ythahgt-7yhs-8wus-7tyh-17yhstgy73ia,real,profile,none,male
9yuawnhu-9ush-6ayh-5shy-9iueg7yh2ian,fake,frontal,facemask,non-binary
9yuawnhu-9ush-6ayh-5shy-9iueg7yh2ian,fake,frontal,facemask,non-binary
7ythahgt-7yhs-8wus-7tyh-17yhstgy73ia,real,profile,none,female
9yuawnhu-9ush-6ayh-5shy-9iueg7yh2ian,fake,frontal,facemask,non-binary
7ythahgt-7yhs-8wus-7tyh-17yhstgy73ia,real,profile,none,female
78uhgty6-3ygh-8ytf-g7ug-764gty8jut5y,real,frontal,hat,male
78uhgty6-3ygh-8ytf-g7ug-764gty8jut5y,real,frontal,hat,male
7ythahgt-7yhs-8wus-7tyh-17yhstgy73ia,real,profile,none,female
7ythahgt-7yhs-8wus-7tyh-17yhstgy73ia,real,profile,none,female
9yuawnhu-9ush-6ayh-5shy-9iueg7yh2ian,fake,frontal,facemask,non-binary
7ythahgt-7yhs-8wus-7tyh-17yhstgy73ia,real,frontal,none,female
9yuawnhu-9ush-6ayh-5shy-9iueg7yh2ian,fake,frontal,facemask,non-binary
9yuawnhu-9ush-6ayh-5shy-9iueg7yh2ian,fake,frontal,facemask,non-binary
78uhgty6-3ygh-8ytf-g7ug-764gty8jut5y,real,frontal,hat,male
78uhgty6-3ygh-8ytf-g7ug-764gty8jut5y,real,frontal,hat,male
9yuawnhu-9ush-6ayh-5shy-9iueg7yh2ian,fake,frontal,facemask,male
9yuawnhu-9ush-6ayh-5shy-9iueg7yh2ian,fake,frontal,facemask,non-binary
9yuawnhu-9ush-6ayh-5shy-9iueg7yh2ian,fake,frontal,facemask,male
7ythahgt-7yhs-8wus-7tyh-17yhstgy73ia,real,profile,none,female
9yuawnhu-9ush-6ayh-5shy-9iueg7yh2ian,fake,frontal,facemask,non-binary
9yuawnhu-9ush-6ayh-5shy-9iueg7yh2ian,fake,frontal,facemask,non-binary
7ythahgt-7yhs-8wus-7tyh-17yhstgy73ia,real,profile,none,female
9yuawnhu-9ush-6ayh-5shy-9iueg7yh2ian,fake,frontal,facemask,non-binary
9yuawnhu-9ush-6ayh-5shy-9iueg7yh2ian,fake,frontal,facemask,non-binary
78uhgty6-3ygh-8ytf-g7ug-764gty8jut5y,fake,frontal,hat,non-binary
9yuawnhu-9ush-6ayh-5shy-9iueg7yh2ian,fake,frontal,facemask,non-binary
9yuawnhu-9ush-6ayh-5shy-9iueg7yh2ian,fake,frontal,facemask,non-binary
9yuawnhu-9ush-6ayh-5shy-9iueg7yh2ian,fake,frontal,facemask,non-binary
9yuawnhu-9ush-6ayh-5shy-9iueg7yh2ian,fake,frontal,facemask,non-binary
78uhgty6-3ygh-8ytf-g7ug-764gty8jut5y,real,frontal,hat,male
7ythahgt-7yhs-8wus-7tyh-17yhstgy73ia,real,profile,none,female
9yuawnhu-9ush-6ayh-5shy-9iueg7yh2ian,fake,frontal,facemask,non-binary
9yuawnhu-9ush-6ayh-5shy-9iueg7yh2ian,fake,frontal,facemask,non-binary
78uhgty6-3ygh-8ytf-g7ug-764gty8jut5y,real,frontal,hat,male
7ythahgt-7yhs-8wus-7tyh-17yhstgy73ia,real,frontal,none,female
7ythahgt-7yhs-8wus-7tyh-17yhstgy73ia,real,profile,none,female
7ythahgt-7yhs-8wus-7tyh-17yhstgy73ia,real,frontal,none,female
7ythahgt-7yhs-8wus-7tyh-17yhstgy73ia,real,profile,none,female
9yuawnhu-9ush-6ayh-5shy-9iueg7yh2ian,fake,frontal,facemask,non-binary
7ythahgt-7yhs-8wus-7tyh-17yhstgy73ia,real,profile,none,female
9yuawnhu-9ush-6ayh-5shy-9iueg7yh2ian,fake,frontal,facemask,non-binary
9yuawnhu-9ush-6ayh-5shy-9iueg7yh2ian,fake,frontal,facemask,non-binary
78uhgty6-3ygh-8ytf-g7ug-764gty8jut5y,real,frontal,hat,male
7ythahgt-7yhs-8wus-7tyh-17yhstgy73ia,real,profile,none,female
78uhgty6-3ygh-8ytf-g7ug-764gty8jut5y,real,frontal,hat,male
78uhgty6-3ygh-8ytf-g7ug-764gty8jut5y,real,frontal,none,male
78uhgty6-3ygh-8ytf-g7ug-764gty8jut5y,real,frontal,hat,male
78uhgty6-3ygh-8ytf-g7ug-764gty8jut5y,real,frontal,hat,male
7ythahgt-7yhs-8wus-7tyh-17yhstgy73ia,real,profile,none,male
9yuawnhu-9ush-6ayh-5shy-9iueg7yh2ian,fake,frontal,facemask,non-binary
7ythahgt-7yhs-8wus-7tyh-17yhstgy73ia,real,profile,none,female
9yuawnhu-9ush-6ayh-5shy-9iueg7yh2ian,real,frontal,hat,male
7ythahgt-7yhs-8wus-7tyh-17yhstgy73ia,real,profile,none,female
7ythahgt-7yhs-8wus-7tyh-17yhstgy73ia,real,profile,none,female
9yuawnhu-9ush-6ayh-5shy-9iueg7yh2ian,fake,frontal,facemask,non-binary
7ythahgt-7yhs-8wus-7tyh-17yhstgy73ia,real,profile,none,female
9yuawnhu-9ush-6ayh-5shy-9iueg7yh2ian,fake,frontal,facemask,non-binary
78uhgty6-3ygh-8ytf-g7ug-764gty8jut5y,real,frontal,hat,male
9yuawnhu-9ush-6ayh-5shy-9iueg7yh2ian,fake,frontal,facemask,non-binary
78uhgty6-3ygh-8ytf-g7ug-764gty8jut5y,real,frontal,hat,male
7ythahgt-7yhs-8wus-7tyh-17yhstgy73ia,real,profile,none,female
7ythahgt-7yhs-8wus-7tyh-17yhstgy73ia,real,profile,none,female
7ythahgt-7yhs-8wus-7tyh-17yhstgy73ia,real,profile,none,female
9yuawnhu-9ush-6ayh-5shy-9iueg7yh2ian,fake,frontal,facemask,non-binary
7ythahgt-7yhs-8wus-7tyh-17yhstgy73ia,real,profile,none,female
7ythahgt-7yhs-8wus-7tyh-17yhstgy73ia,real,profile,none,female
9yuawnhu-9ush-6ayh-5shy-9iueg7yh2ian,fake,frontal,facemask,non-binary
78uhgty6-3ygh-8ytf-g7ug-764gty8jut5y,fake,frontal,hat,male
7ythahgt-7yhs-8wus-7tyh-17yhstgy73ia,real,profile,none,female
9yuawnhu-9ush-6ayh-5shy-9iueg7yh2ian,fake,frontal,facemask,non-binary
7ythahgt-7yhs-8wus-7tyh-17yhstgy73ia,real,profile,none,female
9yuawnhu-9ush-6ayh-5shy-9iueg7yh2ian,fake,frontal,facemask,non-binary
78uhgty6-3ygh-8ytf-g7ug-764gty8jut5y,real,frontal,hat,male
9yuawnhu-9ush-6ayh-5shy-9iueg7yh2ian,fake,frontal,facemask,non-binary
9yuawnhu-9ush-6ayh-5shy-9iueg7yh2ian,fake,frontal,facemask,non-binary
78uhgty6-3ygh-8ytf-g7ug-764gty8jut5y,real,frontal,hat,male
78uhgty6-3ygh-8ytf-g7ug-764gty8jut5y,real,frontal,hat,male
7ythahgt-7yhs-8wus-7tyh-17yhstgy73ia,real,profile,none,female
7ythahgt-7yhs-8wus-7tyh-17yhstgy73ia,real,profile,none,female
78uhgty6-3ygh-8ytf-g7ug-764gty8jut5y,real,frontal,hat,male
9yuawnhu-9ush-6ayh-5shy-9iueg7yh2ian,fake,frontal,facemask,non-binary
7ythahgt-7yhs-8wus-7tyh-17yhstgy73ia,real,frontal,none,male
78uhgty6-3ygh-8ytf-g7ug-764gty8jut5y,real,frontal,none,male
78uhgty6-3ygh-8ytf-g7ug-764gty8jut5y,real,frontal,hat,male
78uhgty6-3ygh-8ytf-g7ug-764gty8jut5y,real,frontal,hat,male
7ythahgt-7yhs-8wus-7tyh-17yhstgy73ia,real,profile,none,female
9yuawnhu-9ush-6ayh-5shy-9iueg7yh2ian,fake,frontal,facemask,non-binary
7ythahgt-7yhs-8wus-7tyh-17yhstgy73ia,real,profile,none,female
7ythahgt-7yhs-8wus-7tyh-17yhstgy73ia,real,profile,none,female
9yuawnhu-9ush-6ayh-5shy-9iueg7yh2ian,fake,frontal,facemask,non-binary
78uhgty6-3ygh-8ytf-g7ug-764gty8jut5y,real,profile,hat,male
9yuawnhu-9ush-6ayh-5shy-9iueg7yh2ian,fake,frontal,facemask,non-binary
78uhgty6-3ygh-8ytf-g7ug-764gty8jut5y,real,frontal,hat,male
7ythahgt-7yhs-8wus-7tyh-17yhstgy73ia,real,profile,none,female
7ythahgt-7yhs-8wus-7tyh-17yhstgy73ia,real,profile,none,female
9yuawnhu-9ush-6ayh-5shy-9iueg7yh2ian,fake,frontal,facemask,non-binary
9yuawnhu-9ush-6ayh-5shy-9iueg7yh2ian,fake,frontal,facemask,non-binary
9yuawnhu-9ush-6ayh-5shy-9iueg7yh2ian,fake,frontal,facemask,non-binary
7ythahgt-7yhs-8wus-7tyh-17yhstgy73ia,real,profile,none,female
9yuawnhu-9ush-6ayh-5shy-9iueg7yh2ian,fake,frontal,facemask,non-binary
78uhgty6-3ygh-8ytf-g7ug-764gty8jut5y,real,frontal,hat,male
78uhgty6-3ygh-8ytf-g7ug-764gty8jut5y,real,frontal,hat,male
9yuawnhu-9ush-6ayh-5shy-9iueg7yh2ian,fake,frontal,facemask,non-binary
78uhgty6-3ygh-8ytf-g7ug-764gty8jut5y,real,frontal,hat,male
9yuawnhu-9ush-6ayh-5shy-9iueg7yh2ian,fake,frontal,facemask,non-binary
78uhgty6-3ygh-8ytf-g7ug-764gty8jut5y,real,frontal,hat,male
78uhgty6-3ygh-8ytf-g7ug-764gty8jut5y,real,frontal,none,female
9yuawnhu-9ush-6ayh-5shy-9iueg7yh2ian,real,frontal,facemask,male
78uhgty6-3ygh-8ytf-g7ug-764gty8jut5y,real,frontal,hat,male
7ythahgt-7yhs-8wus-7tyh-17yhstgy73ia,real,profile,none,female
7ythahgt-7yhs-8wus-7tyh-17yhstgy73ia,real,profile,none,female
78uhgty6-3ygh-8ytf-g7ug-764gty8jut5y,real,frontal,hat,non-binary
78uhgty6-3ygh-8ytf-g7ug-764gty8jut5y,real,frontal,hat,male
78uhgty6-3ygh-8ytf-g7ug-764gty8jut5y,real,frontal,hat,male
78uhgty6-3ygh-8ytf-g7ug-764gty8jut5y,real,frontal,hat,male
7ythahgt-7yhs-8wus-7tyh-17yhstgy73ia,real,profile,hat,male
9yuawnhu-9ush-6ayh-5shy-9iueg7yh2ian,fake,frontal,facemask,non-binary
78uhgty6-3ygh-8ytf-g7ug-764gty8jut5y,real,frontal,hat,male
9yuawnhu-9ush-6ayh-5shy-9iueg7yh2ian,fake,frontal,facemask,non-binary
78uhgty6-3ygh-8ytf-g7ug-764gty8jut5y,real,frontal,hat,male
78uhgty6-3ygh-8ytf-g7ug-764gty8jut5y,real,frontal,hat,male
7ythahgt-7yhs-8wus-7tyh-17yhstgy73ia,real,profile,none,female
7ythahgt-7yhs-8wus-7tyh-17yhstgy73ia,real,profile,none,male
9yuawnhu-9ush-6ayh-5shy-9iueg7yh2ian,fake,frontal,facemask,non-binary
9yuawnhu-9ush-6ayh-5shy-9iueg7yh2ian,fake,frontal,facemask,non-binary
78uhgty6-3ygh-8ytf-g7ug-764gty8jut5y,real,frontal,hat,male
7ythahgt-7yhs-8wus-7tyh-17yhstgy73ia,real,profile,none,female
78uhgty6-3ygh-8ytf-g7ug-764gty8jut5y,real,frontal,hat,male
78uhgty6-3ygh-8ytf-g7ug-764gty8jut5y,real,frontal,hat,male
78uhgty6-3ygh-8ytf-g7ug-764gty8jut5y,real,frontal,hat,male
9yuawnhu-9ush-6ayh-5shy-9iueg7yh2ian,fake,frontal,facemask,non-binary
7ythahgt-7yhs-8wus-7tyh-17yhstgy73ia,real,profile,none,female
78uhgty6-3ygh-8ytf-g7ug-764gty8jut5y,real,frontal,hat,male
78uhgty6-3ygh-8ytf-g7ug-764gty8jut5y,real,frontal,hat,male
9yuawnhu-9ush-6ayh-5shy-9iueg7yh2ian,fake,frontal,facemask,non-binary
78uhgty6-3ygh-8ytf-g7ug-764gty8jut5y,real,frontal,hat,male
78uhgty6-3ygh-8ytf-g7ug-764gty8jut5y,real,frontal,hat,male
7ythahgt-7yhs-8wus-7tyh-17yhstgy73ia,real,profile,none,female
7ythahgt-7yhs-8wus-7tyh-17yhstgy73ia,real,profile,none,female
7ythahgt-7yhs-8wus-7tyh-17yhstgy73ia,real,profile,none,female
78uhgty6-3ygh-8ytf-g7ug-764gty8jut5y,real,frontal,hat,male
78uhgty6-3ygh-8ytf-g7ug-764gty8jut5y,real,frontal,hat,male
7ythahgt-7yhs-8wus-7tyh-17yhstgy73ia,real,profile,none,female
7ythahgt-7yhs-8wus-7tyh-17yhstgy73ia,real,profile,none,female
9yuawnhu-9ush-6ayh-5shy-9iueg7yh2ian,real,frontal,facemask,non-binary
9yuawnhu-9ush-6ayh-5shy-9iueg7yh2ian,fake,frontal,facemask,non-binary
7ythahgt-7yhs-8wus-7tyh-17yhstgy73ia,real,profile,none,female
9yuawnhu-9ush-6ayh-5shy-9iueg7yh2ian,fake,frontal,facemask,non-binary
9yuawnhu-9ush-6ayh-5shy-9iueg7yh2ian,fake,frontal,facemask,non-binary
78uhgty6-3ygh-8ytf-g7ug-764gty8jut5y,real,frontal,hat,male
9yuawnhu-9ush-6ayh-5shy-9iueg7yh2ian,fake,frontal,facemask,non-binary
78uhgty6-3ygh-8ytf-g7ug-764gty8jut5y,real,frontal,hat,male
78uhgty6-3ygh-8ytf-g7ug-764gty8jut5y,real,frontal,hat,male
9yuawnhu-9ush-6ayh-5shy-9iueg7yh2ian,fake,frontal,facemask,non-binary
9yuawnhu-9ush-6ayh-5shy-9iueg7yh2ian,fake,frontal,facemask,non-binary
78uhgty6-3ygh-8ytf-g7ug-764gty8jut5y,real,profile,hat,female
7ythahgt-7yhs-8wus-7tyh-17yhstgy73ia,real,profile,none,female
7ythahgt-7yhs-8wus-7tyh-17yhstgy73ia,real,profile,none,female
7ythahgt-7yhs-8wus-7tyh-17yhstgy73ia,real,profile,none,female
78uhgty6-3ygh-8ytf-g7ug-764gty8jut5y,real,frontal,none,male
7ythahgt-7yhs-8wus-7tyh-17yhstgy73ia,real,profile,none,female
9yuawnhu-9ush-6ayh-5shy-9iueg7yh2ian,fake,frontal,facemask,non-binary
9yuawnhu-9ush-6ayh-5shy-9iueg7yh2ian,fake,frontal,facemask,non-binary
7ythahgt-7yhs-8wus-7tyh-17yhstgy73ia,real,profile,none,female
78uhgty6-3ygh-8ytf-g7ug-764gty8jut5y,real,frontal,hat,male
9yuawnhu-9ush-6ayh-5shy-9iueg7yh2ian,fake,frontal,facemask,non-binary
9yuawnhu-9ush-6ayh-5shy-9iueg7yh2ian,fake,frontal,facemask,non-binary
7ythahgt-7yhs-8wus-7tyh-17yhstgy73ia,real,profile,none,female
7ythahgt-7yhs-8wus-7tyh-17yhstgy73ia,real,profile,none,female
7ythahgt-7yhs-8wus-7tyh-17yhstgy73ia,real,profile,none,female
78uhgty6-3ygh-8ytf-g7ug-764gty8jut5y,real,frontal,hat,male
7ythahgt-7yhs-8wus-7tyh-17yhstgy73ia,real,profile,none,female
9yuawnhu-9ush-6ayh-5shy-9iueg7yh2ian,fake,frontal,facemask,non-binary
78uhgty6-3ygh-8ytf-g7ug-764gty8jut5y,real,frontal,hat,male
9yuawnhu-9ush-6ayh-5shy-9iueg7yh2ian,fake,frontal,facemask,non-binary
78uhgty6-3ygh-8ytf-g7ug-764gty8jut5y,real,frontal,hat,male
9yuawnhu-9ush-6ayh-5shy-9iueg7yh2ian,real,frontal,facemask,non-binary
9yuawnhu-9ush-6ayh-5shy-9iueg7yh2ian,fake,frontal,facemask,non-binary
7ythahgt-7yhs-8wus-7tyh-17yhstgy73ia,real,profile,none,female
78uhgty6-3ygh-8ytf-g7ug-764gty8jut5y,real,frontal,hat,male
7ythahgt-7yhs-8wus-7tyh-17yhstgy73ia,real,profile,none,female
7ythahgt-7yhs-8wus-7tyh-17yhstgy73ia,real,profile,none,female
7ythahgt-7yhs-8wus-7tyh-17yhstgy73ia,real,profile,none,female
78uhgty6-3ygh-8ytf-g7ug-764gty8jut5y,real,profile,hat,male
7ythahgt-7yhs-8wus-7tyh-17yhstgy73ia,real,profile,none,female
78uhgty6-3ygh-8ytf-g7ug-764gty8jut5y,real,frontal,hat,male
78uhgty6-3ygh-8ytf-g7ug-764gty8jut5y,real,frontal,hat,male
7ythahgt-7yhs-8wus-7tyh-17yhstgy73ia,real,profile,none,female
9yuawnhu-9ush-6ayh-5shy-9iueg7yh2ian,fake,frontal,facemask,non-binary
9yuawnhu-9ush-6ayh-5shy-9iueg7yh2ian,fake,frontal,facemask,non-binary
9yuawnhu-9ush-6ayh-5shy-9iueg7yh2ian,real,frontal,hat,male
9yuawnhu-9ush-6ayh-5shy-9iueg7yh2ian,fake,frontal,facemask,non-binary
7ythahgt-7yhs-8wus-7tyh-17yhstgy73ia,real,profile,none,female
9yuawnhu-9ush-6ayh-5shy-9iueg7yh2ian,fake,frontal,facemask,non-binary
9yuawnhu-9ush-6ayh-5shy-9iueg7yh2ian,fake,frontal,facemask,non-binary
78uhgty6-3ygh-8ytf-g7ug-764gty8jut5y,real,frontal,hat,male
7ythahgt-7yhs-8wus-7tyh-17yhstgy73ia,real,profile,none,female
9yuawnhu-9ush-6ayh-5shy-9iueg7yh2ian,fake,frontal,facemask,non-binary
9yuawnhu-9ush-6ayh-5shy-9iueg7yh2ian,fake,frontal,facemask,non-binary
7ythahgt-7yhs-8wus-7tyh-17yhstgy73ia,real,profile,none,female
78uhgty6-3ygh-8ytf-g7ug-764gty8jut5y,real,frontal,facemask,male
7ythahgt-7yhs-8wus-7tyh-17yhstgy73ia,real,profile,none,female
9yuawnhu-9ush-6ayh-5shy-9iueg7yh2ian,fake,frontal,facemask,non-binary
7ythahgt-7yhs-8wus-7tyh-17yhstgy73ia,real,profile,none,female
78uhgty6-3ygh-8ytf-g7ug-764gty8jut5y,real,frontal,hat,male
9yuawnhu-9ush-6ayh-5shy-9iueg7yh2ian,fake,frontal,facemask,non-binary
9yuawnhu-9ush-6ayh-5shy-9iueg7yh2ian,fake,frontal,facemask,non-binary
78uhgty6-3ygh-8ytf-g7ug-764gty8jut5y,real,frontal,hat,male
9yuawnhu-9ush-6ayh-5shy-9iueg7yh2ian,fake,frontal,hat,male
78uhgty6-3ygh-8ytf-g7ug-764gty8jut5y,real,frontal,hat,male
9yuawnhu-9ush-6ayh-5shy-9iueg7yh2ian,real,frontal,hat,male
7ythahgt-7yhs-8wus-7tyh-17yhstgy73ia,real,profile,none,female
9yuawnhu-9ush-6ayh-5shy-9iueg7yh2ian,fake,frontal,facemask,non-binary
9yuawnhu-9ush-6ayh-5shy-9iueg7yh2ian,fake,frontal,facemask,non-binary
7ythahgt-7yhs-8wus-7tyh-17yhstgy73ia,real,frontal,hat,male
7ythahgt-7yhs-8wus-7tyh-17yhstgy73ia,real,profile,none,female
9yuawnhu-9ush-6ayh-5shy-9iueg7yh2ian,fake,frontal,facemask,non-binary
78uhgty6-3ygh-8ytf-g7ug-764gty8jut5y,real,frontal,hat,male
7ythahgt-7yhs-8wus-7tyh-17yhstgy73ia,real,profile,none,female
7ythahgt-7yhs-8wus-7tyh-17yhstgy73ia,real,profile,none,female
7ythahgt-7yhs-8wus-7tyh-17yhstgy73ia,real,profile,none,female
9yuawnhu-9ush-6ayh-5shy-9iueg7yh2ian,fake,frontal,facemask,non-binary
78uhgty6-3ygh-8ytf-g7ug-764gty8jut5y,real,frontal,hat,male
9yuawnhu-9ush-6ayh-5shy-9iueg7yh2ian,fake,frontal,facemask,non-binary
78uhgty6-3ygh-8ytf-g7ug-764gty8jut5y,real,frontal,hat,male
7ythahgt-7yhs-8wus-7tyh-17yhstgy73ia,real,profile,none,female
78uhgty6-3ygh-8ytf-g7ug-764gty8jut5y,real,frontal,hat,male
78uhgty6-3ygh-8ytf-g7ug-764gty8jut5y,real,frontal,hat,male
9yuawnhu-9ush-6ayh-5shy-9iueg7yh2ian,fake,frontal,facemask,non-binary
78uhgty6-3ygh-8ytf-g7ug-764gty8jut5y,real,frontal,facemask,non-binary
9yuawnhu-9ush-6ayh-5shy-9iueg7yh2ian,fake,frontal,facemask,non-binary
7ythahgt-7yhs-8wus-7tyh-17yhstgy73ia,real,profile,none,female
9yuawnhu-9ush-6ayh-5shy-9iueg7yh2ian,fake,frontal,hat,male
9yuawnhu-9ush-6ayh-5shy-9iueg7yh2ian,fake,frontal,facemask,non-binary
9yuawnhu-9ush-6ayh-5shy-9iueg7yh2ian,fake,frontal,facemask,non-binary
7ythahgt-7yhs-8wus-7tyh-17yhstgy73ia,real,profile,none,female
9yuawnhu-9ush-6ayh-5shy-9iueg7yh2ian,fake,frontal,facemask,non-binary
9yuawnhu-9ush-6ayh-5shy-9iueg7yh2ian,fake,frontal,facemask,non-binary
7ythahgt-7yhs-8wus-7tyh-17yhstgy73ia,real,profile,none,female
7ythahgt-7yhs-8wus-7tyh-17yhstgy73ia,real,profile,none,female
9yuawnhu-9ush-6ayh-5shy-9iueg7yh2ian,fake,frontal,hat,non-binary
7ythahgt-7yhs-8wus-7tyh-17yhstgy73ia,real,profile,none,female
7ythahgt-7yhs-8wus-7tyh-17yhstgy73ia,real,profile,none,female
7ythahgt-7yhs-8wus-7tyh-17yhstgy73ia,real,profile,none,female
78uhgty6-3ygh-8ytf-g7ug-764gty8jut5y,real,frontal,hat,male
7ythahgt-7yhs-8wus-7tyh-17yhstgy73ia,real,profile,none,female
78uhgty6-3ygh-8ytf-g7ug-764gty8jut5y,real,frontal,hat,male
9yuawnhu-9ush-6ayh-5shy-9iueg7yh2ian,real,frontal,hat,male
9yuawnhu-9ush-6ayh-5shy-9iueg7yh2ian,real,frontal,facemask,non-binary
78uhgty6-3ygh-8ytf-g7ug-764gty8jut5y,real,frontal,hat,male
78uhgty6-3ygh-8ytf-g7ug-764gty8jut5y,fake,frontal,facemask,male
9yuawnhu-9ush-6ayh-5shy-9iueg7yh2ian,fake,frontal,facemask,non-binary
7ythahgt-7yhs-8wus-7tyh-17yhstgy73ia,real,profile,none,female
7ythahgt-7yhs-8wus-7tyh-17yhstgy73ia,real,profile,none,female
9yuawnhu-9ush-6ayh-5shy-9iueg7yh2ian,fake,frontal,facemask,non-binary
9yuawnhu-9ush-6ayh-5shy-9iueg7yh2ian,fake,frontal,facemask,non-binary
7ythahgt-7yhs-8wus-7tyh-17yhstgy73ia,real,profile,none,female
9yuawnhu-9ush-6ayh-5shy-9iueg7yh2ian,fake,frontal,facemask,non-binary
7ythahgt-7yhs-8wus-7tyh-17yhstgy73ia,real,profile,none,female
9yuawnhu-9ush-6ayh-5shy-9iueg7yh2ian,fake,frontal,facemask,non-binary
9yuawnhu-9ush-6ayh-5shy-9iueg7yh2ian,fake,frontal,facemask,non-binary
9yuawnhu-9ush-6ayh-5shy-9iueg7yh2ian,fake,frontal,facemask,non-binary
78uhgty6-3ygh-8ytf-g7ug-764gty8jut5y,real,frontal,hat,male
78uhgty6-3ygh-8ytf-g7ug-764gty8jut5y,real,frontal,hat,male
9yuawnhu-9ush-6ayh-5shy-9iueg7yh2ian,fake,frontal,facemask,non-binary
7ythahgt-7yhs-8wus-7tyh-17yhstgy73ia,real,profile,none,female
9yuawnhu-9ush-6ayh-5shy-9iueg7yh2ian,fake,frontal,facemask,non-binary
9yuawnhu-9ush-6ayh-5shy-9iueg7yh2ian,fake,frontal,facemask,non-binary
78uhgty6-3ygh-8ytf-g7ug-764gty8jut5y,real,frontal,hat,male
9yuawnhu-9ush-6ayh-5shy-9iueg7yh2ian,fake,frontal,facemask,non-binary
78uhgty6-3ygh-8ytf-g7ug-764gty8jut5y,real,frontal,hat,male
9yuawnhu-9ush-6ayh-5shy-9iueg7yh2ian,fake,frontal,facemask,non-binary
9yuawnhu-9ush-6ayh-5shy-9iueg7yh2ian,fake,frontal,facemask,non-binary
9yuawnhu-9ush-6ayh-5shy-9iueg7yh2ian,real,frontal,hat,male
7ythahgt-7yhs-8wus-7tyh-17yhstgy73ia,real,profile,none,female
78uhgty6-3ygh-8ytf-g7ug-764gty8jut5y,real,frontal,hat,male
9yuawnhu-9ush-6ayh-5shy-9iueg7yh2ian,fake,frontal,facemask,non-binary
7ythahgt-7yhs-8wus-7tyh-17yhstgy73ia,real,profile,none,female
7ythahgt-7yhs-8wus-7tyh-17yhstgy73ia,real,profile,hat,female
7ythahgt-7yhs-8wus-7tyh-17yhstgy73ia,real,profile,none,female
9yuawnhu-9ush-6ayh-5shy-9iueg7yh2ian,fake,frontal,facemask,non-binary
78uhgty6-3ygh-8ytf-g7ug-764gty8jut5y,real,frontal,hat,male
9yuawnhu-9ush-6ayh-5shy-9iueg7yh2ian,fake,frontal,facemask,non-binary
78uhgty6-3ygh-8ytf-g7ug-764gty8jut5y,real,frontal,hat,male
78uhgty6-3ygh-8ytf-g7ug-764gty8jut5y,real,frontal,hat,male
9yuawnhu-9ush-6ayh-5shy-9iueg7yh2ian,fake,frontal,facemask,non-binary
7ythahgt-7yhs-8wus-7tyh-17yhstgy73ia,real,profile,none,female
78uhgty6-3ygh-8ytf-g7ug-764gty8jut5y,real,frontal,hat,male
78uhgty6-3ygh-8ytf-g7ug-764gty8jut5y,real,frontal,hat,male
78uhgty6-3ygh-8ytf-g7ug-764gty8jut5y,real,frontal,hat,male
78uhgty6-3ygh-8ytf-g7ug-764gty8jut5y,real,profile,hat,male
9yuawnhu-9ush-6ayh-5shy-9iueg7yh2ian,fake,frontal,facemask,non-binary
7ythahgt-7yhs-8wus-7tyh-17yhstgy73ia,real,frontal,hat,female
78uhgty6-3ygh-8ytf-g7ug-764gty8jut5y,real,frontal,hat,male
7ythahgt-7yhs-8wus-7tyh-17yhstgy73ia,real,profile,none,female
9yuawnhu-9ush-6ayh-5shy-9iueg7yh2ian,fake,frontal,facemask,non-binary
9yuawnhu-9ush-6ayh-5shy-9iueg7yh2ian,fake,frontal,facemask,non-binary
7ythahgt-7yhs-8wus-7tyh-17yhstgy73ia,real,profile,none,female
7ythahgt-7yhs-8wus-7tyh-17yhstgy73ia,real,profile,none,female
7ythahgt-7yhs-8wus-7tyh-17yhstgy73ia,real,profile,none,female
7ythahgt-7yhs-8wus-7tyh-17yhstgy73ia,real,profile,none,female
9yuawnhu-9ush-6ayh-5shy-9iueg7yh2ian,fake,frontal,facemask,non-binary
9yuawnhu-9ush-6ayh-5shy-9iueg7yh2ian,fake,frontal,facemask,non-binary
7ythahgt-7yhs-8wus-7tyh-17yhstgy73ia,real,profile,none,female
7ythahgt-7yhs-8wus-7tyh-17yhstgy73ia,real,profile,none,female
9yuawnhu-9ush-6ayh-5shy-9iueg7yh2ian,fake,frontal,facemask,non-binary
78uhgty6-3ygh-8ytf-g7ug-764gty8jut5y,real,frontal,hat,male
78uhgty6-3ygh-8ytf-g7ug-764gty8jut5y,real,frontal,hat,male
78uhgty6-3ygh-8ytf-g7ug-764gty8jut5y,real,frontal,hat,male
9yuawnhu-9ush-6ayh-5shy-9iueg7yh2ian,fake,frontal,facemask,non-binary
9yuawnhu-9ush-6ayh-5shy-9iueg7yh2ian,fake,frontal,facemask,non-binary
9yuawnhu-9ush-6ayh-5shy-9iueg7yh2ian,fake,frontal,facemask,non-binary
78uhgty6-3ygh-8ytf-g7ug-764gty8jut5y,real,frontal,hat,male
9yuawnhu-9ush-6ayh-5shy-9iueg7yh2ian,fake,frontal,facemask,non-binary
78uhgty6-3ygh-8ytf-g7ug-764gty8jut5y,real,frontal,hat,male
7ythahgt-7yhs-8wus-7tyh-17yhstgy73ia,real,profile,none,female
78uhgty6-3ygh-8ytf-g7ug-764gty8jut5y,real,frontal,hat,male
78uhgty6-3ygh-8ytf-g7ug-764gty8jut5y,fake,frontal,hat,male
9yuawnhu-9ush-6ayh-5shy-9iueg7yh2ian,fake,frontal,facemask,male
7ythahgt-7yhs-8wus-7tyh-17yhstgy73ia,real,profile,none,female
7ythahgt-7yhs-8wus-7tyh-17yhstgy73ia,real,profile,none,female
7ythahgt-7yhs-8wus-7tyh-17yhstgy73ia,real,profile,none,female
78uhgty6-3ygh-8ytf-g7ug-764gty8jut5y,real,frontal,hat,male
7ythahgt-7yhs-8wus-7tyh-17yhstgy73ia,real,profile,none,female
9yuawnhu-9ush-6ayh-5shy-9iueg7yh2ian,fake,frontal,facemask,non-binary
9yuawnhu-9ush-6ayh-5shy-9iueg7yh2ian,fake,frontal,facemask,non-binary
7ythahgt-7yhs-8wus-7tyh-17yhstgy73ia,real,profile,none,female
78uhgty6-3ygh-8ytf-g7ug-764gty8jut5y,real,frontal,hat,male
9yuawnhu-9ush-6ayh-5shy-9iueg7yh2ian,fake,frontal,facemask,non-binary
9yuawnhu-9ush-6ayh-5shy-9iueg7yh2ian,fake,frontal,facemask,non-binary
9yuawnhu-9ush-6ayh-5shy-9iueg7yh2ian,fake,frontal,facemask,non-binary
9yuawnhu-9ush-6ayh-5shy-9iueg7yh2ian,fake,frontal,facemask,non-binary
7ythahgt-7yhs-8wus-7tyh-17yhstgy73ia,real,profile,none,female
9yuawnhu-9ush-6ayh-5shy-9iueg7yh2ian,fake,frontal,facemask,non-binary
9yuawnhu-9ush-6ayh-5shy-9iueg7yh2ian,fake,frontal,facemask,non-binary
78uhgty6-3ygh-8ytf-g7ug-764gty8jut5y,real,frontal,hat,male
9yuawnhu-9ush-6ayh-5shy-9iueg7yh2ian,fake,frontal,facemask,non-binary
9yuawnhu-9ush-6ayh-5shy-9iueg7yh2ian,fake,frontal,facemask,non-binary
7ythahgt-7yhs-8wus-7tyh-17yhstgy73ia,real,profile,none,female
78uhgty6-3ygh-8ytf-g7ug-764gty8jut5y,real,profile,hat,female
78uhgty6-3ygh-8ytf-g7ug-764gty8jut5y,real,frontal,hat,male
9yuawnhu-9ush-6ayh-5shy-9iueg7yh2ian,fake,frontal,facemask,non-binary
78uhgty6-3ygh-8ytf-g7ug-764gty8jut5y,real,frontal,hat,male
7ythahgt-7yhs-8wus-7tyh-17yhstgy73ia,real,frontal,none,female
78uhgty6-3ygh-8ytf-g7ug-764gty8jut5y,real,frontal,hat,male
7ythahgt-7yhs-8wus-7tyh-17yhstgy73ia,real,profile,none,female
7ythahgt-7yhs-8wus-7tyh-17yhstgy73ia,real,profile,none,female
78uhgty6-3ygh-8ytf-g7ug-764gty8jut5y,real,frontal,hat,male
9yuawnhu-9ush-6ayh-5shy-9iueg7yh2ian,fake,frontal,facemask,non-binary
9yuawnhu-9ush-6ayh-5shy-9iueg7yh2ian,fake,frontal,facemask,non-binary
9yuawnhu-9ush-6ayh-5shy-9iueg7yh2ian,fake,frontal,facemask,non-binary
78uhgty6-3ygh-8ytf-g7ug-764gty8jut5y,real,frontal,hat,male
78uhgty6-3ygh-8ytf-g7ug-764gty8jut5y,real,frontal,hat,male
9yuawnhu-9ush-6ayh-5shy-9iueg7yh2ian,fake,frontal,facemask,non-binary
9yuawnhu-9ush-6ayh-5shy-9iueg7yh2ian,fake,frontal,facemask,non-binary
9yuawnhu-9ush-6ayh-5shy-9iueg7yh2ian,fake,frontal,facemask,non-binary
78uhgty6-3ygh-8ytf-g7ug-764gty8jut5y,real,frontal,hat,male
9yuawnhu-9ush-6ayh-5shy-9iueg7yh2ian,fake,frontal,facemask,non-binary
78uhgty6-3ygh-8ytf-g7ug-764gty8jut5y,real,frontal,hat,male
7ythahgt-7yhs-8wus-7tyh-17yhstgy73ia,real,profile,none,female
9yuawnhu-9ush-6ayh-5shy-9iueg7yh2ian,fake,frontal,facemask,non-binary
7ythahgt-7yhs-8wus-7tyh-17yhstgy73ia,real,profile,none,female
78uhgty6-3ygh-8ytf-g7ug-764gty8jut5y,real,frontal,hat,male
78uhgty6-3ygh-8ytf-g7ug-764gty8jut5y,real,frontal,hat,male
7ythahgt-7yhs-8wus-7tyh-17yhstgy73ia,real,profile,none,female
9yuawnhu-9ush-6ayh-5shy-9iueg7yh2ian,fake,frontal,facemask,non-binary
7ythahgt-7yhs-8wus-7tyh-17yhstgy73ia,real,profile,none,female
9yuawnhu-9ush-6ayh-5shy-9iueg7yh2ian,fake,frontal,facemask,non-binary
7ythahgt-7yhs-8wus-7tyh-17yhstgy73ia,real,profile,none,female
9yuawnhu-9ush-6ayh-5shy-9iueg7yh2ian,fake,frontal,facemask,non-binary
78uhgty6-3ygh-8ytf-g7ug-764gty8jut5y,real,frontal,none,female
78uhgty6-3ygh-8ytf-g7ug-764gty8jut5y,real,frontal,hat,male
7ythahgt-7yhs-8wus-7tyh-17yhstgy73ia,real,profile,none,female
7ythahgt-7yhs-8wus-7tyh-17yhstgy73ia,real,profile,none,female
9yuawnhu-9ush-6ayh-5shy-9iueg7yh2ian,fake,frontal,facemask,non-binary
78uhgty6-3ygh-8ytf-g7ug-764gty8jut5y,real,frontal,hat,male
9yuawnhu-9ush-6ayh-5shy-9iueg7yh2ian,fake,frontal,facemask,non-binary
9yuawnhu-9ush-6ayh-5shy-9iueg7yh2ian,real,frontal,facemask,non-binary
9yuawnhu-9ush-6ayh-5shy-9iueg7yh2ian,fake,frontal,facemask,non-binary
9yuawnhu-9ush-6ayh-5shy-9iueg7yh2ian,fake,frontal,facemask,non-binary
78uhgty6-3ygh-8ytf-g7ug-764gty8jut5y,real,frontal,hat,male
9yuawnhu-9ush-6ayh-5shy-9iueg7yh2ian,fake,frontal,facemask,non-binary
9yuawnhu-9ush-6ayh-5shy-9iueg7yh2ian,real,frontal,hat,male
78uhgty6-3ygh-8ytf-g7ug-764gty8jut5y,real,frontal,hat,male
7ythahgt-7yhs-8wus-7tyh-17yhstgy73ia,real,profile,none,female
7ythahgt-7yhs-8wus-7tyh-17yhstgy73ia,real,profile,none,female
78uhgty6-3ygh-8ytf-g7ug-764gty8jut5y,real,frontal,hat,male
7ythahgt-7yhs-8wus-7tyh-17yhstgy73ia,real,profile,none,female
78uhgty6-3ygh-8ytf-g7ug-764gty8jut5y,real,frontal,hat,male
7ythahgt-7yhs-8wus-7tyh-17yhstgy73ia,real,profile,none,female
9yuawnhu-9ush-6ayh-5shy-9iueg7yh2ian,fake,frontal,facemask,non-binary
78uhgty6-3ygh-8ytf-g7ug-764gty8jut5y,real,frontal,hat,male
9yuawnhu-9ush-6ayh-5shy-9iueg7yh2ian,fake,frontal,facemask,non-binary
78uhgty6-3ygh-8ytf-g7ug-764gty8jut5y,real,frontal,hat,male
7ythahgt-7yhs-8wus-7tyh-17yhstgy73ia,real,profile,none,female
78uhgty6-3ygh-8ytf-g7ug-764gty8jut5y,real,frontal,hat,non-binary
78uhgty6-3ygh-8ytf-g7ug-764gty8jut5y,real,frontal,hat,male
9yuawnhu-9ush-6ayh-5shy-9iueg7yh2ian,fake,frontal,facemask,non-binary
78uhgty6-3ygh-8ytf-g7ug-764gty8jut5y,real,frontal,hat,male
9yuawnhu-9ush-6ayh-5shy-9iueg7yh2ian,fake,frontal,facemask,non-binary
7ythahgt-7yhs-8wus-7tyh-17yhstgy73ia,real,profile,none,female
9yuawnhu-9ush-6ayh-5shy-9iueg7yh2ian,fake,frontal,facemask,non-binary
78uhgty6-3ygh-8ytf-g7ug-764gty8jut5y,real,frontal,hat,male
78uhgty6-3ygh-8ytf-g7ug-764gty8jut5y,real,frontal,hat,male
9yuawnhu-9ush-6ayh-5shy-9iueg7yh2ian,fake,frontal,facemask,non-binary
78uhgty6-3ygh-8ytf-g7ug-764gty8jut5y,real,frontal,hat,male
7ythahgt-7yhs-8wus-7tyh-17yhstgy73ia,real,profile,none,female
9yuawnhu-9ush-6ayh-5shy-9iueg7yh2ian,fake,frontal,facemask,non-binary
9yuawnhu-9ush-6ayh-5shy-9iueg7yh2ian,fake,frontal,facemask,non-binary
7ythahgt-7yhs-8wus-7tyh-17yhstgy73ia,real,profile,none,male
78uhgty6-3ygh-8ytf-g7ug-764gty8jut5y,real,frontal,hat,male
7ythahgt-7yhs-8wus-7tyh-17yhstgy73ia,real,profile,none,female
7ythahgt-7yhs-8wus-7tyh-17yhstgy73ia,real,profile,none,female
9yuawnhu-9ush-6ayh-5shy-9iueg7yh2ian,fake,frontal,facemask,non-binary
7ythahgt-7yhs-8wus-7tyh-17yhstgy73ia,real,profile,none,female
9yuawnhu-9ush-6ayh-5shy-9iueg7yh2ian,fake,frontal,facemask,non-binary
78uhgty6-3ygh-8ytf-g7ug-764gty8jut5y,real,frontal,hat,non-binary
9yuawnhu-9ush-6ayh-5shy-9iueg7yh2ian,fake,frontal,facemask,non-binary
7ythahgt-7yhs-8wus-7tyh-17yhstgy73ia,real,profile,none,female
78uhgty6-3ygh-8ytf-g7ug-764gty8jut5y,real,frontal,hat,male
78uhgty6-3ygh-8ytf-g7ug-764gty8jut5y,real,frontal,hat,male
9yuawnhu-9ush-6ayh-5shy-9iueg7yh2ian,fake,frontal,facemask,non-binary
7ythahgt-7yhs-8wus-7tyh-17yhstgy73ia,real,profile,none,female
78uhgty6-3ygh-8ytf-g7ug-764gty8jut5y,real,frontal,hat,male
78uhgty6-3ygh-8ytf-g7ug-764gty8jut5y,real,profile,none,female
7ythahgt-7yhs-8wus-7tyh-17yhstgy73ia,real,profile,none,female
78uhgty6-3ygh-8ytf-g7ug-764gty8jut5y,real,frontal,hat,male
9yuawnhu-9ush-6ayh-5shy-9iueg7yh2ian,fake,frontal,facemask,non-binary
9yuawnhu-9ush-6ayh-5shy-9iueg7yh2ian,fake,frontal,facemask,non-binary
7ythahgt-7yhs-8wus-7tyh-17yhstgy73ia,real,frontal,none,female
78uhgty6-3ygh-8ytf-g7ug-764gty8jut5y,real,frontal,hat,male
78uhgty6-3ygh-8ytf-g7ug-764gty8jut5y,real,frontal,hat,male
9yuawnhu-9ush-6ayh-5shy-9iueg7yh2ian,fake,frontal,facemask,male
78uhgty6-3ygh-8ytf-g7ug-764gty8jut5y,real,frontal,hat,male
9yuawnhu-9ush-6ayh-5shy-9iueg7yh2ian,fake,frontal,facemask,non-binary
9yuawnhu-9ush-6ayh-5shy-9iueg7yh2ian,fake,frontal,facemask,non-binary
9yuawnhu-9ush-6ayh-5shy-9iueg7yh2ian,fake,frontal,facemask,non-binary
78uhgty6-3ygh-8ytf-g7ug-764gty8jut5y,real,frontal,hat,male
7ythahgt-7yhs-8wus-7tyh-17yhstgy73ia,real,profile,none,female
78uhgty6-3ygh-8ytf-g7ug-764gty8jut5y,real,frontal,hat,male
78uhgty6-3ygh-8ytf-g7ug-764gty8jut5y,real,frontal,hat,male
7ythahgt-7yhs-8wus-7tyh-17yhstgy73ia,real,profile,none,female
78uhgty6-3ygh-8ytf-g7ug-764gty8jut5y,real,frontal,hat,male
9yuawnhu-9ush-6ayh-5shy-9iueg7yh2ian,fake,frontal,facemask,non-binary
78uhgty6-3ygh-8ytf-g7ug-764gty8jut5y,real,frontal,hat,male
7ythahgt-7yhs-8wus-7tyh-17yhstgy73ia,real,profile,none,female
9yuawnhu-9ush-6ayh-5shy-9iueg7yh2ian,fake,frontal,facemask,male
9yuawnhu-9ush-6ayh-5shy-9iueg7yh2ian,fake,frontal,facemask,non-binary
7ythahgt-7yhs-8wus-7tyh-17yhstgy73ia,real,profile,none,female
9yuawnhu-9ush-6ayh-5shy-9iueg7yh2ian,fake,frontal,facemask,non-binary
7ythahgt-7yhs-8wus-7tyh-17yhstgy73ia,real,profile,none,female
78uhgty6-3ygh-8ytf-g7ug-764gty8jut5y,real,frontal,hat,male
9yuawnhu-9ush-6ayh-5shy-9iueg7yh2ian,fake,frontal,facemask,non-binary
9yuawnhu-9ush-6ayh-5shy-9iueg7yh2ian,real,frontal,facemask,non-binary
78uhgty6-3ygh-8ytf-g7ug-764gty8jut5y,real,frontal,hat,male
78uhgty6-3ygh-8ytf-g7ug-764gty8jut5y,fake,frontal,facemask,non-binary
9yuawnhu-9ush-6ayh-5shy-9iueg7yh2ian,fake,frontal,facemask,non-binary
7ythahgt-7yhs-8wus-7tyh-17yhstgy73ia,real,frontal,hat,female
78uhgty6-3ygh-8ytf-g7ug-764gty8jut5y,real,frontal,hat,male
7ythahgt-7yhs-8wus-7tyh-17yhstgy73ia,real,profile,none,female
9yuawnhu-9ush-6ayh-5shy-9iueg7yh2ian,fake,frontal,facemask,non-binary
78uhgty6-3ygh-8ytf-g7ug-764gty8jut5y,real,frontal,hat,male
9yuawnhu-9ush-6ayh-5shy-9iueg7yh2ian,fake,frontal,facemask,non-binary
78uhgty6-3ygh-8ytf-g7ug-764gty8jut5y,real,frontal,hat,male
78uhgty6-3ygh-8ytf-g7ug-764gty8jut5y,real,frontal,hat,male
78uhgty6-3ygh-8ytf-g7ug-764gty8jut5y,real,frontal,hat,male
78uhgty6-3ygh-8ytf-g7ug-764gty8jut5y,real,frontal,hat,male
7ythahgt-7yhs-8wus-7tyh-17yhstgy73ia,real,profile,none,female
9yuawnhu-9ush-6ayh-5shy-9iueg7yh2ian,fake,frontal,facemask,non-binary
9yuawnhu-9ush-6ayh-5shy-9iueg7yh2ian,fake,frontal,facemask,non-binary
9yuawnhu-9ush-6ayh-5shy-9iueg7yh2ian,fake,frontal,facemask,non-binary
9yuawnhu-9ush-6ayh-5shy-9iueg7yh2ian,fake,frontal,facemask,non-binary
9yuawnhu-9ush-6ayh-5shy-9iueg7yh2ian,fake,frontal,facemask,non-binary
7ythahgt-7yhs-8wus-7tyh-17yhstgy73ia,real,profile,none,female
78uhgty6-3ygh-8ytf-g7ug-764gty8jut5y,real,frontal,hat,male
9yuawnhu-9ush-6ayh-5shy-9iueg7yh2ian,fake,frontal,facemask,non-binary
7ythahgt-7yhs-8wus-7tyh-17yhstgy73ia,real,profile,none,female
9yuawnhu-9ush-6ayh-5shy-9iueg7yh2ian,fake,frontal,facemask,non-binary
7ythahgt-7yhs-8wus-7tyh-17yhstgy73ia,real,profile,none,female
9yuawnhu-9ush-6ayh-5shy-9iueg7yh2ian,fake,frontal,facemask,non-binary
7ythahgt-7yhs-8wus-7tyh-17yhstgy73ia,real,profile,none,female
9yuawnhu-9ush-6ayh-5shy-9iueg7yh2ian,fake,frontal,facemask,non-binary
78uhgty6-3ygh-8ytf-g7ug-764gty8jut5y,real,frontal,hat,male
7ythahgt-7yhs-8wus-7tyh-17yhstgy73ia,real,profile,none,female
7ythahgt-7yhs-8wus-7tyh-17yhstgy73ia,real,profile,none,female
9yuawnhu-9ush-6ayh-5shy-9iueg7yh2ian,fake,frontal,facemask,non-binary
9yuawnhu-9ush-6ayh-5shy-9iueg7yh2ian,fake,frontal,facemask,non-binary
9yuawnhu-9ush-6ayh-5shy-9iueg7yh2ian,fake,frontal,facemask,non-binary
7ythahgt-7yhs-8wus-7tyh-17yhstgy73ia,real,profile,hat,female
7ythahgt-7yhs-8wus-7tyh-17yhstgy73ia,real,profile,none,female
9yuawnhu-9ush-6ayh-5shy-9iueg7yh2ian,fake,frontal,facemask,non-binary
78uhgty6-3ygh-8ytf-g7ug-764gty8jut5y,fake,frontal,hat,male
7ythahgt-7yhs-8wus-7tyh-17yhstgy73ia,real,profile,none,female
78uhgty6-3ygh-8ytf-g7ug-764gty8jut5y,real,frontal,hat,male
7ythahgt-7yhs-8wus-7tyh-17yhstgy73ia,real,profile,none,female
78uhgty6-3ygh-8ytf-g7ug-764gty8jut5y,real,frontal,hat,male
7ythahgt-7yhs-8wus-7tyh-17yhstgy73ia,real,profile,hat,male
9yuawnhu-9ush-6ayh-5shy-9iueg7yh2ian,fake,frontal,facemask,non-binary
78uhgty6-3ygh-8ytf-g7ug-764gty8jut5y,real,frontal,hat,male
9yuawnhu-9ush-6ayh-5shy-9iueg7yh2ian,fake,frontal,facemask,non-binary
7ythahgt-7yhs-8wus-7tyh-17yhstgy73ia,real,profile,none,female
7ythahgt-7yhs-8wus-7tyh-17yhstgy73ia,real,profile,none,male
78uhgty6-3ygh-8ytf-g7ug-764gty8jut5y,real,frontal,hat,male
7ythahgt-7yhs-8wus-7tyh-17yhstgy73ia,real,profile,none,female
7ythahgt-7yhs-8wus-7tyh-17yhstgy73ia,real,profile,none,female
78uhgty6-3ygh-8ytf-g7ug-764gty8jut5y,real,frontal,hat,male
7ythahgt-7yhs-8wus-7tyh-17yhstgy73ia,real,profile,none,female
7ythahgt-7yhs-8wus-7tyh-17yhstgy73ia,real,profile,none,female
9yuawnhu-9ush-6ayh-5shy-9iueg7yh2ian,fake,frontal,facemask,non-binary
78uhgty6-3ygh-8ytf-g7ug-764gty8jut5y,real,frontal,hat,male
9yuawnhu-9ush-6ayh-5shy-9iueg7yh2ian,fake,frontal,facemask,non-binary
9yuawnhu-9ush-6ayh-5shy-9iueg7yh2ian,fake,frontal,facemask,non-binary
78uhgty6-3ygh-8ytf-g7ug-764gty8jut5y,real,frontal,hat,male
7ythahgt-7yhs-8wus-7tyh-17yhstgy73ia,real,profile,none,female
9yuawnhu-9ush-6ayh-5shy-9iueg7yh2ian,fake,frontal,facemask,non-binary
7ythahgt-7yhs-8wus-7tyh-17yhstgy73ia,real,profile,none,female
7ythahgt-7yhs-8wus-7tyh-17yhstgy73ia,real,profile,none,female
9yuawnhu-9ush-6ayh-5shy-9iueg7yh2ian,fake,frontal,facemask,non-binary
9yuawnhu-9ush-6ayh-5shy-9iueg7yh2ian,fake,frontal,facemask,non-binary
7ythahgt-7yhs-8wus-7tyh-17yhstgy73ia,real,profile,none,female
9yuawnhu-9ush-6ayh-5shy-9iueg7yh2ian,fake,frontal,facemask,non-binary
78uhgty6-3ygh-8ytf-g7ug-764gty8jut5y,real,profile,hat,male
78uhgty6-3ygh-8ytf-g7ug-764gty8jut5y,real,frontal,hat,male
9yuawnhu-9ush-6ayh-5shy-9iueg7yh2ian,fake,frontal,facemask,non-binary
78uhgty6-3ygh-8ytf-g7ug-764gty8jut5y,real,frontal,hat,male
7ythahgt-7yhs-8wus-7tyh-17yhstgy73ia,real,profile,none,female
9yuawnhu-9ush-6ayh-5shy-9iueg7yh2ian,fake,frontal,facemask,non-binary
9yuawnhu-9ush-6ayh-5shy-9iueg7yh2ian,real,frontal,facemask,non-binary
7ythahgt-7yhs-8wus-7tyh-17yhstgy73ia,real,profile,none,female
7ythahgt-7yhs-8wus-7tyh-17yhstgy73ia,real,profile,none,female
78uhgty6-3ygh-8ytf-g7ug-764gty8jut5y,real,frontal,hat,male
78uhgty6-3ygh-8ytf-g7ug-764gty8jut5y,real,frontal,hat,male
9yuawnhu-9ush-6ayh-5shy-9iueg7yh2ian,fake,frontal,facemask,non-binary
9yuawnhu-9ush-6ayh-5shy-9iueg7yh2ian,fake,frontal,facemask,non-binary
7ythahgt-7yhs-8wus-7tyh-17yhstgy73ia,real,profile,none,non-binary
9yuawnhu-9ush-6ayh-5shy-9iueg7yh2ian,fake,frontal,facemask,non-binary
78uhgty6-3ygh-8ytf-g7ug-764gty8jut5y,real,frontal,hat,male
9yuawnhu-9ush-6ayh-5shy-9iueg7yh2ian,fake,frontal,facemask,non-binary
9yuawnhu-9ush-6ayh-5shy-9iueg7yh2ian,fake,frontal,facemask,non-binary
9yuawnhu-9ush-6ayh-5shy-9iueg7yh2ian,fake,frontal,facemask,non-binary
7ythahgt-7yhs-8wus-7tyh-17yhstgy73ia,real,profile,none,female
7ythahgt-7yhs-8wus-7tyh-17yhstgy73ia,real,profile,none,female
78uhgty6-3ygh-8ytf-g7ug-764gty8jut5y,real,frontal,hat,male
7ythahgt-7yhs-8wus-7tyh-17yhstgy73ia,real,profile,none,female
78uhgty6-3ygh-8ytf-g7ug-764gty8jut5y,real,frontal,hat,male
78uhgty6-3ygh-8ytf-g7ug-764gty8jut5y,real,frontal,hat,male
78uhgty6-3ygh-8ytf-g7ug-764gty8jut5y,real,frontal,hat,male
9yuawnhu-9ush-6ayh-5shy-9iueg7yh2ian,fake,frontal,facemask,non-binary
9yuawnhu-9ush-6ayh-5shy-9iueg7yh2ian,fake,frontal,facemask,non-binary
78uhgty6-3ygh-8ytf-g7ug-764gty8jut5y,real,frontal,hat,male
9yuawnhu-9ush-6ayh-5shy-9iueg7yh2ian,real,frontal,hat,male
9yuawnhu-9ush-6ayh-5shy-9iueg7yh2ian,fake,frontal,facemask,non-binary
78uhgty6-3ygh-8ytf-g7ug-764gty8jut5y,real,frontal,hat,male
9yuawnhu-9ush-6ayh-5shy-9iueg7yh2ian,fake,frontal,facemask,non-binary
9yuawnhu-9ush-6ayh-5shy-9iueg7yh2ian,fake,frontal,facemask,non-binary
7ythahgt-7yhs-8wus-7tyh-17yhstgy73ia,real,profile,none,female
9yuawnhu-9ush-6ayh-5shy-9iueg7yh2ian,fake,frontal,facemask,non-binary
78uhgty6-3ygh-8ytf-g7ug-764gty8jut5y,real,frontal,hat,male
78uhgty6-3ygh-8ytf-g7ug-764gty8jut5y,real,frontal,hat,male
7ythahgt-7yhs-8wus-7tyh-17yhstgy73ia,real,profile,none,female
9yuawnhu-9ush-6ayh-5shy-9iueg7yh2ian,fake,frontal,facemask,non-binary
9yuawnhu-9ush-6ayh-5shy-9iueg7yh2ian,fake,frontal,facemask,non-binary
9yuawnhu-9ush-6ayh-5shy-9iueg7yh2ian,fake,frontal,facemask,non-binary
9yuawnhu-9ush-6ayh-5shy-9iueg7yh2ian,fake,frontal,facemask,non-binary
78uhgty6-3ygh-8ytf-g7ug-764gty8jut5y,real,profile,none,male
78uhgty6-3ygh-8ytf-g7ug-764gty8jut5y,real,frontal,hat,male
7ythahgt-7yhs-8wus-7tyh-17yhstgy73ia,real,profile,none,female
7ythahgt-7yhs-8wus-7tyh-17yhstgy73ia,real,profile,none,female
78uhgty6-3ygh-8ytf-g7ug-764gty8jut5y,real,frontal,hat,non-binary
78uhgty6-3ygh-8ytf-g7ug-764gty8jut5y,real,frontal,hat,male
9yuawnhu-9ush-6ayh-5shy-9iueg7yh2ian,fake,frontal,facemask,non-binary
9yuawnhu-9ush-6ayh-5shy-9iueg7yh2ian,fake,frontal,facemask,non-binary
9yuawnhu-9ush-6ayh-5shy-9iueg7yh2ian,fake,frontal,facemask,non-binary
78uhgty6-3ygh-8ytf-g7ug-764gty8jut5y,real,frontal,hat,male
9yuawnhu-9ush-6ayh-5shy-9iueg7yh2ian,fake,frontal,facemask,non-binary
9yuawnhu-9ush-6ayh-5shy-9iueg7yh2ian,real,frontal,facemask,non-binary
7ythahgt-7yhs-8wus-7tyh-17yhstgy73ia,real,profile,none,female
9yuawnhu-9ush-6ayh-5shy-9iueg7yh2ian,fake,frontal,facemask,non-binary
7ythahgt-7yhs-8wus-7tyh-17yhstgy73ia,real,profile,none,female
9yuawnhu-9ush-6ayh-5shy-9iueg7yh2ian,fake,frontal,facemask,non-binary
78uhgty6-3ygh-8ytf-g7ug-764gty8jut5y,real,frontal,hat,male
7ythahgt-7yhs-8wus-7tyh-17yhstgy73ia,real,profile,none,female
78uhgty6-3ygh-8ytf-g7ug-764gty8jut5y,real,frontal,hat,male
7ythahgt-7yhs-8wus-7tyh-17yhstgy73ia,real,profile,none,female
78uhgty6-3ygh-8ytf-g7ug-764gty8jut5y,real,frontal,hat,male
7ythahgt-7yhs-8wus-7tyh-17yhstgy73ia,real,profile,none,female
78uhgty6-3ygh-8ytf-g7ug-764gty8jut5y,fake,frontal,hat,male
78uhgty6-3ygh-8ytf-g7ug-764gty8jut5y,real,frontal,hat,male
7ythahgt-7yhs-8wus-7tyh-17yhstgy73ia,real,profile,none,female
78uhgty6-3ygh-8ytf-g7ug-764gty8jut5y,real,frontal,hat,non-binary
7ythahgt-7yhs-8wus-7tyh-17yhstgy73ia,real,profile,hat,male
78uhgty6-3ygh-8ytf-g7ug-764gty8jut5y,real,frontal,facemask,non-binary
9yuawnhu-9ush-6ayh-5shy-9iueg7yh2ian,fake,frontal,facemask,non-binary
7ythahgt-7yhs-8wus-7tyh-17yhstgy73ia,real,profile,none,female
7ythahgt-7yhs-8wus-7tyh-17yhstgy73ia,real,profile,hat,female
78uhgty6-3ygh-8ytf-g7ug-764gty8jut5y,real,frontal,hat,male
9yuawnhu-9ush-6ayh-5shy-9iueg7yh2ian,fake,frontal,facemask,non-binary
7ythahgt-7yhs-8wus-7tyh-17yhstgy73ia,real,profile,none,female
7ythahgt-7yhs-8wus-7tyh-17yhstgy73ia,real,profile,none,female
78uhgty6-3ygh-8ytf-g7ug-764gty8jut5y,real,frontal,hat,male
7ythahgt-7yhs-8wus-7tyh-17yhstgy73ia,real,profile,none,female
7ythahgt-7yhs-8wus-7tyh-17yhstgy73ia,real,profile,none,female
9yuawnhu-9ush-6ayh-5shy-9iueg7yh2ian,fake,frontal,facemask,non-binary
78uhgty6-3ygh-8ytf-g7ug-764gty8jut5y,real,frontal,hat,male
78uhgty6-3ygh-8ytf-g7ug-764gty8jut5y,real,frontal,hat,male
78uhgty6-3ygh-8ytf-g7ug-764gty8jut5y,real,frontal,hat,male
7ythahgt-7yhs-8wus-7tyh-17yhstgy73ia,real,profile,none,female
9yuawnhu-9ush-6ayh-5shy-9iueg7yh2ian,fake,frontal,facemask,non-binary
7ythahgt-7yhs-8wus-7tyh-17yhstgy73ia,real,profile,none,female
78uhgty6-3ygh-8ytf-g7ug-764gty8jut5y,real,frontal,hat,male
9yuawnhu-9ush-6ayh-5shy-9iueg7yh2ian,fake,frontal,facemask,non-binary
7ythahgt-7yhs-8wus-7tyh-17yhstgy73ia,real,profile,none,female
7ythahgt-7yhs-8wus-7tyh-17yhstgy73ia,real,profile,none,female
9yuawnhu-9ush-6ayh-5shy-9iueg7yh2ian,fake,frontal,facemask,non-binary
7ythahgt-7yhs-8wus-7tyh-17yhstgy73ia,real,profile,none,female
9yuawnhu-9ush-6ayh-5shy-9iueg7yh2ian,fake,frontal,facemask,non-binary
78uhgty6-3ygh-8ytf-g7ug-764gty8jut5y,real,frontal,hat,male
9yuawnhu-9ush-6ayh-5shy-9iueg7yh2ian,fake,frontal,facemask,non-binary
9yuawnhu-9ush-6ayh-5shy-9iueg7yh2ian,fake,frontal,facemask,non-binary
9yuawnhu-9ush-6ayh-5shy-9iueg7yh2ian,fake,frontal,facemask,non-binary
9yuawnhu-9ush-6ayh-5shy-9iueg7yh2ian,fake,frontal,facemask,non-binary
7ythahgt-7yhs-8wus-7tyh-17yhstgy73ia,real,frontal,hat,male
7ythahgt-7yhs-8wus-7tyh-17yhstgy73ia,real,profile,none,female
9yuawnhu-9ush-6ayh-5shy-9iueg7yh2ian,fake,frontal,facemask,non-binary
9yuawnhu-9ush-6ayh-5shy-9iueg7yh2ian,fake,frontal,facemask,non-binary
9yuawnhu-9ush-6ayh-5shy-9iueg7yh2ian,fake,frontal,facemask,non-binary
78uhgty6-3ygh-8ytf-g7ug-764gty8jut5y,real,frontal,hat,male
9yuawnhu-9ush-6ayh-5shy-9iueg7yh2ian,fake,frontal,facemask,non-binary
7ythahgt-7yhs-8wus-7tyh-17yhstgy73ia,real,profile,none,female
78uhgty6-3ygh-8ytf-g7ug-764gty8jut5y,real,frontal,hat,male
9yuawnhu-9ush-6ayh-5shy-9iueg7yh2ian,real,frontal,facemask,non-binary
9yuawnhu-9ush-6ayh-5shy-9iueg7yh2ian,fake,frontal,facemask,non-binary
9yuawnhu-9ush-6ayh-5shy-9iueg7yh2ian,fake,frontal,facemask,non-binary
9yuawnhu-9ush-6ayh-5shy-9iueg7yh2ian,real,frontal,facemask,non-binary
9yuawnhu-9ush-6ayh-5shy-9iueg7yh2ian,fake,frontal,facemask,non-binary
9yuawnhu-9ush-6ayh-5shy-9iueg7yh2ian,fake,frontal,facemask,non-binary
9yuawnhu-9ush-6ayh-5shy-9iueg7yh2ian,fake,frontal,facemask,non-binary
9yuawnhu-9ush-6ayh-5shy-9iueg7yh2ian,real,frontal,facemask,non-binary
7ythahgt-7yhs-8wus-7tyh-17yhstgy73ia,real,frontal,none,male
9yuawnhu-9ush-6ayh-5shy-9iueg7yh2ian,fake,frontal,facemask,non-binary
78uhgty6-3ygh-8ytf-g7ug-764gty8jut5y,fake,frontal,hat,male
7ythahgt-7yhs-8wus-7tyh-17yhstgy73ia,real,frontal,hat,male
7ythahgt-7yhs-8wus-7tyh-17yhstgy73ia,real,profile,none,female
7ythahgt-7yhs-8wus-7tyh-17yhstgy73ia,real,profile,none,female
9yuawnhu-9ush-6ayh-5shy-9iueg7yh2ian,fake,frontal,facemask,male
9yuawnhu-9ush-6ayh-5shy-9iueg7yh2ian,fake,frontal,facemask,non-binary
9yuawnhu-9ush-6ayh-5shy-9iueg7yh2ian,fake,frontal,facemask,non-binary
9yuawnhu-9ush-6ayh-5shy-9iueg7yh2ian,fake,frontal,facemask,non-binary
78uhgty6-3ygh-8ytf-g7ug-764gty8jut5y,real,frontal,hat,male
78uhgty6-3ygh-8ytf-g7ug-764gty8jut5y,real,frontal,hat,male
78uhgty6-3ygh-8ytf-g7ug-764gty8jut5y,real,frontal,hat,male
78uhgty6-3ygh-8ytf-g7ug-764gty8jut5y,real,frontal,hat,male
7ythahgt-7yhs-8wus-7tyh-17yhstgy73ia,real,profile,hat,female
7ythahgt-7yhs-8wus-7tyh-17yhstgy73ia,real,profile,none,female
78uhgty6-3ygh-8ytf-g7ug-764gty8jut5y,real,frontal,hat,male
9yuawnhu-9ush-6ayh-5shy-9iueg7yh2ian,fake,frontal,facemask,non-binary
9yuawnhu-9ush-6ayh-5shy-9iueg7yh2ian,fake,frontal,facemask,non-binary
9yuawnhu-9ush-6ayh-5shy-9iueg7yh2ian,fake,frontal,facemask,non-binary
7ythahgt-7yhs-8wus-7tyh-17yhstgy73ia,real,profile,none,female
9yuawnhu-9ush-6ayh-5shy-9iueg7yh2ian,fake,frontal,facemask,non-binary
7ythahgt-7yhs-8wus-7tyh-17yhstgy73ia,real,profile,none,female
9yuawnhu-9ush-6ayh-5shy-9iueg7yh2ian,fake,frontal,facemask,non-binary
9yuawnhu-9ush-6ayh-5shy-9iueg7yh2ian,fake,frontal,facemask,non-binary
9yuawnhu-9ush-6ayh-5shy-9iueg7yh2ian,fake,frontal,facemask,non-binary
7ythahgt-7yhs-8wus-7tyh-17yhstgy73ia,real,profile,none,female
9yuawnhu-9ush-6ayh-5shy-9iueg7yh2ian,fake,frontal,facemask,non-binary
9yuawnhu-9ush-6ayh-5shy-9iueg7yh2ian,fake,frontal,facemask,non-binary
7ythahgt-7yhs-8wus-7tyh-17yhstgy73ia,real,profile,hat,male
78uhgty6-3ygh-8ytf-g7ug-764gty8jut5y,real,frontal,hat,male
9yuawnhu-9ush-6ayh-5shy-9iueg7yh2ian,fake,frontal,facemask,non-binary
9yuawnhu-9ush-6ayh-5shy-9iueg7yh2ian,fake,frontal,facemask,non-binary
9yuawnhu-9ush-6ayh-5shy-9iueg7yh2ian,fake,frontal,facemask,non-binary
7ythahgt-7yhs-8wus-7tyh-17yhstgy73ia,real,profile,none,female
7ythahgt-7yhs-8wus-7tyh-17yhstgy73ia,real,profile,none,female
7ythahgt-7yhs-8wus-7tyh-17yhstgy73ia,real,profile,none,female
78uhgty6-3ygh-8ytf-g7ug-764gty8jut5y,real,frontal,hat,male
78uhgty6-3ygh-8ytf-g7ug-764gty8jut5y,real,frontal,hat,male
9yuawnhu-9ush-6ayh-5shy-9iueg7yh2ian,fake,frontal,facemask,non-binary
9yuawnhu-9ush-6ayh-5shy-9iueg7yh2ian,fake,frontal,facemask,non-binary
78uhgty6-3ygh-8ytf-g7ug-764gty8jut5y,real,frontal,facemask,non-binary
9yuawnhu-9ush-6ayh-5shy-9iueg7yh2ian,fake,frontal,facemask,non-binary
7ythahgt-7yhs-8wus-7tyh-17yhstgy73ia,real,profile,none,female
78uhgty6-3ygh-8ytf-g7ug-764gty8jut5y,real,frontal,hat,male
9yuawnhu-9ush-6ayh-5shy-9iueg7yh2ian,fake,frontal,facemask,non-binary
9yuawnhu-9ush-6ayh-5shy-9iueg7yh2ian,fake,frontal,facemask,non-binary
78uhgty6-3ygh-8ytf-g7ug-764gty8jut5y,real,frontal,hat,male
78uhgty6-3ygh-8ytf-g7ug-764gty8jut5y,real,frontal,hat,male
7ythahgt-7yhs-8wus-7tyh-17yhstgy73ia,real,profile,none,female
7ythahgt-7yhs-8wus-7tyh-17yhstgy73ia,real,profile,none,female
7ythahgt-7yhs-8wus-7tyh-17yhstgy73ia,real,profile,none,female
9yuawnhu-9ush-6ayh-5shy-9iueg7yh2ian,fake,frontal,facemask,non-binary
7ythahgt-7yhs-8wus-7tyh-17yhstgy73ia,real,profile,none,male
7ythahgt-7yhs-8wus-7tyh-17yhstgy73ia,real,profile,none,female
78uhgty6-3ygh-8ytf-g7ug-764gty8jut5y,real,frontal,hat,male
7ythahgt-7yhs-8wus-7tyh-17yhstgy73ia,real,profile,none,female
7ythahgt-7yhs-8wus-7tyh-17yhstgy73ia,real,profile,none,female
9yuawnhu-9ush-6ayh-5shy-9iueg7yh2ian,fake,frontal,facemask,non-binary
9yuawnhu-9ush-6ayh-5shy-9iueg7yh2ian,fake,frontal,facemask,non-binary
7ythahgt-7yhs-8wus-7tyh-17yhstgy73ia,real,profile,none,female
78uhgty6-3ygh-8ytf-g7ug-764gty8jut5y,real,frontal,hat,male
9yuawnhu-9ush-6ayh-5shy-9iueg7yh2ian,fake,frontal,facemask,non-binary
7ythahgt-7yhs-8wus-7tyh-17yhstgy73ia,real,profile,none,female
7ythahgt-7yhs-8wus-7tyh-17yhstgy73ia,real,frontal,hat,male
9yuawnhu-9ush-6ayh-5shy-9iueg7yh2ian,fake,frontal,facemask,non-binary
78uhgty6-3ygh-8ytf-g7ug-764gty8jut5y,real,profile,none,male
9yuawnhu-9ush-6ayh-5shy-9iueg7yh2ian,fake,frontal,facemask,non-binary
9yuawnhu-9ush-6ayh-5shy-9iueg7yh2ian,fake,frontal,facemask,non-binary
9yuawnhu-9ush-6ayh-5shy-9iueg7yh2ian,fake,frontal,facemask,non-binary
7ythahgt-7yhs-8wus-7tyh-17yhstgy73ia,real,profile,none,female
78uhgty6-3ygh-8ytf-g7ug-764gty8jut5y,real,frontal,hat,male
7ythahgt-7yhs-8wus-7tyh-17yhstgy73ia,real,profile,none,female
7ythahgt-7yhs-8wus-7tyh-17yhstgy73ia,real,profile,none,male
9yuawnhu-9ush-6ayh-5shy-9iueg7yh2ian,fake,frontal,facemask,male
7ythahgt-7yhs-8wus-7tyh-17yhstgy73ia,real,profile,none,female
9yuawnhu-9ush-6ayh-5shy-9iueg7yh2ian,fake,frontal,facemask,non-binary
7ythahgt-7yhs-8wus-7tyh-17yhstgy73ia,real,profile,none,female
9yuawnhu-9ush-6ayh-5shy-9iueg7yh2ian,fake,frontal,facemask,non-binary
9yuawnhu-9ush-6ayh-5shy-9iueg7yh2ian,fake,frontal,facemask,non-binary
78uhgty6-3ygh-8ytf-g7ug-764gty8jut5y,real,profile,hat,male
7ythahgt-7yhs-8wus-7tyh-17yhstgy73ia,real,profile,none,female
78uhgty6-3ygh-8ytf-g7ug-764gty8jut5y,real,frontal,hat,male
78uhgty6-3ygh-8ytf-g7ug-764gty8jut5y,real,frontal,hat,male
9yuawnhu-9ush-6ayh-5shy-9iueg7yh2ian,fake,frontal,facemask,non-binary
9yuawnhu-9ush-6ayh-5shy-9iueg7yh2ian,fake,frontal,facemask,non-binary
7ythahgt-7yhs-8wus-7tyh-17yhstgy73ia,real,profile,none,female
9yuawnhu-9ush-6ayh-5shy-9iueg7yh2ian,fake,frontal,facemask,non-binary
78uhgty6-3ygh-8ytf-g7ug-764gty8jut5y,real,frontal,hat,male
9yuawnhu-9ush-6ayh-5shy-9iueg7yh2ian,fake,frontal,facemask,non-binary
9yuawnhu-9ush-6ayh-5shy-9iueg7yh2ian,fake,frontal,facemask,non-binary
9yuawnhu-9ush-6ayh-5shy-9iueg7yh2ian,fake,frontal,facemask,non-binary
9yuawnhu-9ush-6ayh-5shy-9iueg7yh2ian,fake,frontal,facemask,non-binary
9yuawnhu-9ush-6ayh-5shy-9iueg7yh2ian,fake,frontal,facemask,non-binary
9yuawnhu-9ush-6ayh-5shy-9iueg7yh2ian,fake,frontal,facemask,non-binary
7ythahgt-7yhs-8wus-7tyh-17yhstgy73ia,real,profile,none,female
9yuawnhu-9ush-6ayh-5shy-9iueg7yh2ian,fake,frontal,facemask,non-binary
9yuawnhu-9ush-6ayh-5shy-9iueg7yh2ian,fake,frontal,facemask,non-binary
9yuawnhu-9ush-6ayh-5shy-9iueg7yh2ian,fake,frontal,facemask,non-binary
9yuawnhu-9ush-6ayh-5shy-9iueg7yh2ian,fake,frontal,facemask,non-binary
7ythahgt-7yhs-8wus-7tyh-17yhstgy73ia,real,profile,none,female
9yuawnhu-9ush-6ayh-5shy-9iueg7yh2ian,fake,frontal,facemask,non-binary
9yuawnhu-9ush-6ayh-5shy-9iueg7yh2ian,fake,frontal,facemask,non-binary
9yuawnhu-9ush-6ayh-5shy-9iueg7yh2ian,real,frontal,facemask,non-binary
7ythahgt-7yhs-8wus-7tyh-17yhstgy73ia,real,profile,none,female
9yuawnhu-9ush-6ayh-5shy-9iueg7yh2ian,fake,frontal,facemask,non-binary
7ythahgt-7yhs-8wus-7tyh-17yhstgy73ia,real,profile,none,female
7ythahgt-7yhs-8wus-7tyh-17yhstgy73ia,real,profile,none,female
9yuawnhu-9ush-6ayh-5shy-9iueg7yh2ian,fake,frontal,facemask,non-binary
7ythahgt-7yhs-8wus-7tyh-17yhstgy73ia,real,profile,none,female
7ythahgt-7yhs-8wus-7tyh-17yhstgy73ia,real,profile,none,female
9yuawnhu-9ush-6ayh-5shy-9iueg7yh2ian,fake,frontal,facemask,non-binary
7ythahgt-7yhs-8wus-7tyh-17yhstgy73ia,real,profile,none,female
78uhgty6-3ygh-8ytf-g7ug-764gty8jut5y,real,frontal,facemask,non-binary
9yuawnhu-9ush-6ayh-5shy-9iueg7yh2ian,fake,frontal,facemask,non-binary
78uhgty6-3ygh-8ytf-g7ug-764gty8jut5y,real,frontal,hat,male
7ythahgt-7yhs-8wus-7tyh-17yhstgy73ia,real,profile,none,female
7ythahgt-7yhs-8wus-7tyh-17yhstgy73ia,real,profile,none,female
9yuawnhu-9ush-6ayh-5shy-9iueg7yh2ian,fake,frontal,facemask,non-binary
7ythahgt-7yhs-8wus-7tyh-17yhstgy73ia,real,profile,none,female
78uhgty6-3ygh-8ytf-g7ug-764gty8jut5y,real,frontal,hat,male
9yuawnhu-9ush-6ayh-5shy-9iueg7yh2ian,real,frontal,facemask,non-binary
78uhgty6-3ygh-8ytf-g7ug-764gty8jut5y,real,frontal,facemask,male
78uhgty6-3ygh-8ytf-g7ug-764gty8jut5y,real,frontal,hat,male
78uhgty6-3ygh-8ytf-g7ug-764gty8jut5y,real,frontal,hat,male
78uhgty6-3ygh-8ytf-g7ug-764gty8jut5y,real,frontal,hat,male
9yuawnhu-9ush-6ayh-5shy-9iueg7yh2ian,fake,frontal,facemask,non-binary
78uhgty6-3ygh-8ytf-g7ug-764gty8jut5y,real,frontal,none,female
7ythahgt-7yhs-8wus-7tyh-17yhstgy73ia,real,profile,none,female
7ythahgt-7yhs-8wus-7tyh-17yhstgy73ia,real,profile,none,female
7ythahgt-7yhs-8wus-7tyh-17yhstgy73ia,real,profile,none,female
9yuawnhu-9ush-6ayh-5shy-9iueg7yh2ian,fake,frontal,facemask,non-binary
9yuawnhu-9ush-6ayh-5shy-9iueg7yh2ian,fake,frontal,facemask,non-binary
9yuawnhu-9ush-6ayh-5shy-9iueg7yh2ian,fake,frontal,hat,non-binary
7ythahgt-7yhs-8wus-7tyh-17yhstgy73ia,real,profile,none,female
9yuawnhu-9ush-6ayh-5shy-9iueg7yh2ian,fake,frontal,facemask,non-binary
78uhgty6-3ygh-8ytf-g7ug-764gty8jut5y,real,frontal,hat,male
78uhgty6-3ygh-8ytf-g7ug-764gty8jut5y,fake,frontal,hat,male
9yuawnhu-9ush-6ayh-5shy-9iueg7yh2ian,fake,frontal,facemask,non-binary
9yuawnhu-9ush-6ayh-5shy-9iueg7yh2ian,fake,frontal,facemask,non-binary
9yuawnhu-9ush-6ayh-5shy-9iueg7yh2ian,fake,frontal,facemask,non-binary
7ythahgt-7yhs-8wus-7tyh-17yhstgy73ia,real,profile,none,female
78uhgty6-3ygh-8ytf-g7ug-764gty8jut5y,real,frontal,hat,male
78uhgty6-3ygh-8ytf-g7ug-764gty8jut5y,real,frontal,hat,male
9yuawnhu-9ush-6ayh-5shy-9iueg7yh2ian,fake,frontal,facemask,non-binary
78uhgty6-3ygh-8ytf-g7ug-764gty8jut5y,real,frontal,hat,male
78uhgty6-3ygh-8ytf-g7ug-764gty8jut5y,real,frontal,hat,male
78uhgty6-3ygh-8ytf-g7ug-764gty8jut5y,real,frontal,hat,male
78uhgty6-3ygh-8ytf-g7ug-764gty8jut5y,real,frontal,hat,male
78uhgty6-3ygh-8ytf-g7ug-764gty8jut5y,real,frontal,hat,female
78uhgty6-3ygh-8ytf-g7ug-764gty8jut5y,real,frontal,hat,male
78uhgty6-3ygh-8ytf-g7ug-764gty8jut5y,real,frontal,hat,male
7ythahgt-7yhs-8wus-7tyh-17yhstgy73ia,real,profile,none,female
78uhgty6-3ygh-8ytf-g7ug-764gty8jut5y,real,frontal,hat,male
9yuawnhu-9ush-6ayh-5shy-9iueg7yh2ian,fake,frontal,facemask,non-binary
7ythahgt-7yhs-8wus-7tyh-17yhstgy73ia,real,profile,none,female
7ythahgt-7yhs-8wus-7tyh-17yhstgy73ia,real,profile,none,female
9yuawnhu-9ush-6ayh-5shy-9iueg7yh2ian,fake,frontal,facemask,non-binary
9yuawnhu-9ush-6ayh-5shy-9iueg7yh2ian,fake,frontal,facemask,non-binary
7ythahgt-7yhs-8wus-7tyh-17yhstgy73ia,real,profile,none,female
78uhgty6-3ygh-8ytf-g7ug-764gty8jut5y,real,frontal,hat,male
78uhgty6-3ygh-8ytf-g7ug-764gty8jut5y,real,frontal,hat,male
7ythahgt-7yhs-8wus-7tyh-17yhstgy73ia,real,profile,none,female
78uhgty6-3ygh-8ytf-g7ug-764gty8jut5y,real,frontal,hat,male
7ythahgt-7yhs-8wus-7tyh-17yhstgy73ia,real,profile,none,female
9yuawnhu-9ush-6ayh-5shy-9iueg7yh2ian,fake,frontal,facemask,non-binary
78uhgty6-3ygh-8ytf-g7ug-764gty8jut5y,real,frontal,hat,male
7ythahgt-7yhs-8wus-7tyh-17yhstgy73ia,real,profile,hat,female
9yuawnhu-9ush-6ayh-5shy-9iueg7yh2ian,real,frontal,facemask,non-binary
78uhgty6-3ygh-8ytf-g7ug-764gty8jut5y,real,frontal,hat,male
9yuawnhu-9ush-6ayh-5shy-9iueg7yh2ian,fake,frontal,facemask,non-binary
78uhgty6-3ygh-8ytf-g7ug-764gty8jut5y,real,frontal,hat,male
78uhgty6-3ygh-8ytf-g7ug-764gty8jut5y,real,frontal,hat,male
7ythahgt-7yhs-8wus-7tyh-17yhstgy73ia,real,profile,none,female
78uhgty6-3ygh-8ytf-g7ug-764gty8jut5y,real,frontal,hat,male
7ythahgt-7yhs-8wus-7tyh-17yhstgy73ia,real,profile,hat,female
7ythahgt-7yhs-8wus-7tyh-17yhstgy73ia,real,profile,none,female
7ythahgt-7yhs-8wus-7tyh-17yhstgy73ia,real,profile,none,female
78uhgty6-3ygh-8ytf-g7ug-764gty8jut5y,real,frontal,hat,male
7ythahgt-7yhs-8wus-7tyh-17yhstgy73ia,real,profile,hat,female
9yuawnhu-9ush-6ayh-5shy-9iueg7yh2ian,fake,frontal,facemask,non-binary
9yuawnhu-9ush-6ayh-5shy-9iueg7yh2ian,fake,frontal,facemask,non-binary
78uhgty6-3ygh-8ytf-g7ug-764gty8jut5y,real,frontal,hat,male
78uhgty6-3ygh-8ytf-g7ug-764gty8jut5y,real,frontal,hat,male
9yuawnhu-9ush-6ayh-5shy-9iueg7yh2ian,fake,frontal,facemask,non-binary
9yuawnhu-9ush-6ayh-5shy-9iueg7yh2ian,fake,frontal,hat,non-binary
7ythahgt-7yhs-8wus-7tyh-17yhstgy73ia,real,profile,none,female
78uhgty6-3ygh-8ytf-g7ug-764gty8jut5y,real,frontal,hat,male
78uhgty6-3ygh-8ytf-g7ug-764gty8jut5y,real,frontal,hat,male
9yuawnhu-9ush-6ayh-5shy-9iueg7yh2ian,fake,frontal,facemask,non-binary
78uhgty6-3ygh-8ytf-g7ug-764gty8jut5y,fake,frontal,hat,non-binary
7ythahgt-7yhs-8wus-7tyh-17yhstgy73ia,real,profile,none,female
7ythahgt-7yhs-8wus-7tyh-17yhstgy73ia,real,profile,none,female
9yuawnhu-9ush-6ayh-5shy-9iueg7yh2ian,fake,frontal,facemask,non-binary
9yuawnhu-9ush-6ayh-5shy-9iueg7yh2ian,fake,frontal,facemask,non-binary
7ythahgt-7yhs-8wus-7tyh-17yhstgy73ia,real,frontal,hat,female
7ythahgt-7yhs-8wus-7tyh-17yhstgy73ia,real,frontal,hat,female
9yuawnhu-9ush-6ayh-5shy-9iueg7yh2ian,fake,frontal,facemask,non-binary
78uhgty6-3ygh-8ytf-g7ug-764gty8jut5y,real,profile,none,female
78uhgty6-3ygh-8ytf-g7ug-764gty8jut5y,real,frontal,hat,male
9yuawnhu-9ush-6ayh-5shy-9iueg7yh2ian,fake,frontal,facemask,non-binary
9yuawnhu-9ush-6ayh-5shy-9iueg7yh2ian,fake,frontal,facemask,non-binary
7ythahgt-7yhs-8wus-7tyh-17yhstgy73ia,real,profile,none,female
78uhgty6-3ygh-8ytf-g7ug-764gty8jut5y,real,frontal,facemask,non-binary
78uhgty6-3ygh-8ytf-g7ug-764gty8jut5y,real,frontal,hat,male
7ythahgt-7yhs-8wus-7tyh-17yhstgy73ia,real,profile,none,female
78uhgty6-3ygh-8ytf-g7ug-764gty8jut5y,fake,frontal,facemask,male
78uhgty6-3ygh-8ytf-g7ug-764gty8jut5y,real,frontal,hat,male
78uhgty6-3ygh-8ytf-g7ug-764gty8jut5y,real,frontal,hat,male
78uhgty6-3ygh-8ytf-g7ug-764gty8jut5y,real,frontal,hat,male
7ythahgt-7yhs-8wus-7tyh-17yhstgy73ia,real,profile,none,female
78uhgty6-3ygh-8ytf-g7ug-764gty8jut5y,real,frontal,hat,male
78uhgty6-3ygh-8ytf-g7ug-764gty8jut5y,real,profile,none,female
78uhgty6-3ygh-8ytf-g7ug-764gty8jut5y,real,frontal,hat,male
9yuawnhu-9ush-6ayh-5shy-9iueg7yh2ian,fake,frontal,facemask,non-binary
78uhgty6-3ygh-8ytf-g7ug-764gty8jut5y,real,frontal,hat,male
78uhgty6-3ygh-8ytf-g7ug-764gty8jut5y,real,frontal,hat,male
9yuawnhu-9ush-6ayh-5shy-9iueg7yh2ian,fake,frontal,facemask,non-binary
7ythahgt-7yhs-8wus-7tyh-17yhstgy73ia,real,profile,none,female
9yuawnhu-9ush-6ayh-5shy-9iueg7yh2ian,fake,frontal,facemask,non-binary
78uhgty6-3ygh-8ytf-g7ug-764gty8jut5y,real,frontal,hat,male
78uhgty6-3ygh-8ytf-g7ug-764gty8jut5y,real,frontal,hat,male
9yuawnhu-9ush-6ayh-5shy-9iueg7yh2ian,fake,frontal,facemask,non-binary
7ythahgt-7yhs-8wus-7tyh-17yhstgy73ia,real,profile,none,female
9yuawnhu-9ush-6ayh-5shy-9iueg7yh2ian,fake,frontal,facemask,non-binary
7ythahgt-7yhs-8wus-7tyh-17yhstgy73ia,real,profile,none,female
7ythahgt-7yhs-8wus-7tyh-17yhstgy73ia,real,profile,none,female
7ythahgt-7yhs-8wus-7tyh-17yhstgy73ia,real,profile,none,female
7ythahgt-7yhs-8wus-7tyh-17yhstgy73ia,real,profile,none,female
7ythahgt-7yhs-8wus-7tyh-17yhstgy73ia,real,profile,none,female
78uhgty6-3ygh-8ytf-g7ug-764gty8jut5y,real,profile,hat,male
7ythahgt-7yhs-8wus-7tyh-17yhstgy73ia,real,frontal,none,female
9yuawnhu-9ush-6ayh-5shy-9iueg7yh2ian,fake,frontal,facemask,non-binary
78uhgty6-3ygh-8ytf-g7ug-764gty8jut5y,real,frontal,hat,male
78uhgty6-3ygh-8ytf-g7ug-764gty8jut5y,real,frontal,hat,male
7ythahgt-7yhs-8wus-7tyh-17yhstgy73ia,real,profile,none,female
78uhgty6-3ygh-8ytf-g7ug-764gty8jut5y,real,frontal,hat,male
7ythahgt-7yhs-8wus-7tyh-17yhstgy73ia,real,profile,none,female
78uhgty6-3ygh-8ytf-g7ug-764gty8jut5y,real,frontal,hat,male
7ythahgt-7yhs-8wus-7tyh-17yhstgy73ia,real,profile,none,female
78uhgty6-3ygh-8ytf-g7ug-764gty8jut5y,real,frontal,hat,male
78uhgty6-3ygh-8ytf-g7ug-764gty8jut5y,real,frontal,hat,male
78uhgty6-3ygh-8ytf-g7ug-764gty8jut5y,real,frontal,hat,male
78uhgty6-3ygh-8ytf-g7ug-764gty8jut5y,real,frontal,hat,male
7ythahgt-7yhs-8wus-7tyh-17yhstgy73ia,real,profile,hat,female
7ythahgt-7yhs-8wus-7tyh-17yhstgy73ia,real,profile,none,female
78uhgty6-3ygh-8ytf-g7ug-764gty8jut5y,real,frontal,hat,male
78uhgty6-3ygh-8ytf-g7ug-764gty8jut5y,real,frontal,none,male
9yuawnhu-9ush-6ayh-5shy-9iueg7yh2ian,fake,frontal,hat,non-binary
9yuawnhu-9ush-6ayh-5shy-9iueg7yh2ian,fake,frontal,facemask,non-binary
78uhgty6-3ygh-8ytf-g7ug-764gty8jut5y,real,frontal,hat,male
78uhgty6-3ygh-8ytf-g7ug-764gty8jut5y,real,frontal,hat,male
9yuawnhu-9ush-6ayh-5shy-9iueg7yh2ian,fake,frontal,facemask,non-binary
78uhgty6-3ygh-8ytf-g7ug-764gty8jut5y,fake,frontal,facemask,male
9yuawnhu-9ush-6ayh-5shy-9iueg7yh2ian,fake,frontal,facemask,non-binary
78uhgty6-3ygh-8ytf-g7ug-764gty8jut5y,real,frontal,hat,male
78uhgty6-3ygh-8ytf-g7ug-764gty8jut5y,real,frontal,hat,male
78uhgty6-3ygh-8ytf-g7ug-764gty8jut5y,real,frontal,hat,male
78uhgty6-3ygh-8ytf-g7ug-764gty8jut5y,real,frontal,hat,male
9yuawnhu-9ush-6ayh-5shy-9iueg7yh2ian,fake,frontal,facemask,non-binary
78uhgty6-3ygh-8ytf-g7ug-764gty8jut5y,real,profile,hat,male
7ythahgt-7yhs-8wus-7tyh-17yhstgy73ia,real,profile,none,female
9yuawnhu-9ush-6ayh-5shy-9iueg7yh2ian,fake,frontal,facemask,non-binary
7ythahgt-7yhs-8wus-7tyh-17yhstgy73ia,real,profile,none,female
9yuawnhu-9ush-6ayh-5shy-9iueg7yh2ian,fake,frontal,facemask,non-binary
9yuawnhu-9ush-6ayh-5shy-9iueg7yh2ian,fake,frontal,facemask,non-binary
9yuawnhu-9ush-6ayh-5shy-9iueg7yh2ian,fake,frontal,facemask,non-binary
7ythahgt-7yhs-8wus-7tyh-17yhstgy73ia,real,profile,none,female
7ythahgt-7yhs-8wus-7tyh-17yhstgy73ia,real,profile,none,female
9yuawnhu-9ush-6ayh-5shy-9iueg7yh2ian,fake,frontal,facemask,non-binary
78uhgty6-3ygh-8ytf-g7ug-764gty8jut5y,real,frontal,hat,male
9yuawnhu-9ush-6ayh-5shy-9iueg7yh2ian,fake,frontal,facemask,non-binary
9yuawnhu-9ush-6ayh-5shy-9iueg7yh2ian,fake,frontal,facemask,non-binary
78uhgty6-3ygh-8ytf-g7ug-764gty8jut5y,real,frontal,hat,male
9yuawnhu-9ush-6ayh-5shy-9iueg7yh2ian,fake,frontal,facemask,non-binary
78uhgty6-3ygh-8ytf-g7ug-764gty8jut5y,real,frontal,hat,male
9yuawnhu-9ush-6ayh-5shy-9iueg7yh2ian,fake,frontal,facemask,male
78uhgty6-3ygh-8ytf-g7ug-764gty8jut5y,fake,frontal,facemask,male
7ythahgt-7yhs-8wus-7tyh-17yhstgy73ia,real,frontal,none,female
9yuawnhu-9ush-6ayh-5shy-9iueg7yh2ian,fake,frontal,facemask,non-binary
9yuawnhu-9ush-6ayh-5shy-9iueg7yh2ian,fake,frontal,facemask,non-binary
78uhgty6-3ygh-8ytf-g7ug-764gty8jut5y,real,frontal,hat,male
7ythahgt-7yhs-8wus-7tyh-17yhstgy73ia,real,profile,none,female
78uhgty6-3ygh-8ytf-g7ug-764gty8jut5y,real,frontal,hat,male
7ythahgt-7yhs-8wus-7tyh-17yhstgy73ia,real,frontal,none,female
9yuawnhu-9ush-6ayh-5shy-9iueg7yh2ian,fake,frontal,facemask,non-binary
9yuawnhu-9ush-6ayh-5shy-9iueg7yh2ian,real,frontal,hat,male
9yuawnhu-9ush-6ayh-5shy-9iueg7yh2ian,real,frontal,hat,male
9yuawnhu-9ush-6ayh-5shy-9iueg7yh2ian,fake,frontal,facemask,non-binary
78uhgty6-3ygh-8ytf-g7ug-764gty8jut5y,real,frontal,hat,male
78uhgty6-3ygh-8ytf-g7ug-764gty8jut5y,real,frontal,hat,male
9yuawnhu-9ush-6ayh-5shy-9iueg7yh2ian,fake,frontal,facemask,non-binary
9yuawnhu-9ush-6ayh-5shy-9iueg7yh2ian,fake,frontal,facemask,non-binary
9yuawnhu-9ush-6ayh-5shy-9iueg7yh2ian,fake,frontal,facemask,non-binary
9yuawnhu-9ush-6ayh-5shy-9iueg7yh2ian,fake,frontal,facemask,non-binary
7ythahgt-7yhs-8wus-7tyh-17yhstgy73ia,real,profile,none,female
7ythahgt-7yhs-8wus-7tyh-17yhstgy73ia,real,profile,none,female
9yuawnhu-9ush-6ayh-5shy-9iueg7yh2ian,fake,frontal,facemask,non-binary
9yuawnhu-9ush-6ayh-5shy-9iueg7yh2ian,fake,frontal,facemask,non-binary
7ythahgt-7yhs-8wus-7tyh-17yhstgy73ia,real,profile,none,female
78uhgty6-3ygh-8ytf-g7ug-764gty8jut5y,real,frontal,hat,male
7ythahgt-7yhs-8wus-7tyh-17yhstgy73ia,real,profile,none,female
78uhgty6-3ygh-8ytf-g7ug-764gty8jut5y,real,profile,hat,female
9yuawnhu-9ush-6ayh-5shy-9iueg7yh2ian,fake,frontal,facemask,non-binary
7ythahgt-7yhs-8wus-7tyh-17yhstgy73ia,real,profile,none,female
7ythahgt-7yhs-8wus-7tyh-17yhstgy73ia,real,profile,hat,male
7ythahgt-7yhs-8wus-7tyh-17yhstgy73ia,real,profile,none,female
9yuawnhu-9ush-6ayh-5shy-9iueg7yh2ian,fake,frontal,facemask,non-binary
9yuawnhu-9ush-6ayh-5shy-9iueg7yh2ian,fake,frontal,facemask,non-binary
9yuawnhu-9ush-6ayh-5shy-9iueg7yh2ian,fake,frontal,facemask,non-binary
9yuawnhu-9ush-6ayh-5shy-9iueg7yh2ian,fake,frontal,facemask,non-binary
78uhgty6-3ygh-8ytf-g7ug-764gty8jut5y,real,frontal,facemask,non-binary
78uhgty6-3ygh-8ytf-g7ug-764gty8jut5y,real,frontal,hat,male
7ythahgt-7yhs-8wus-7tyh-17yhstgy73ia,real,profile,none,female
9yuawnhu-9ush-6ayh-5shy-9iueg7yh2ian,fake,frontal,facemask,non-binary
7ythahgt-7yhs-8wus-7tyh-17yhstgy73ia,real,profile,none,female
9yuawnhu-9ush-6ayh-5shy-9iueg7yh2ian,fake,frontal,facemask,non-binary
9yuawnhu-9ush-6ayh-5shy-9iueg7yh2ian,fake,frontal,facemask,non-binary
7ythahgt-7yhs-8wus-7tyh-17yhstgy73ia,real,profile,none,female
9yuawnhu-9ush-6ayh-5shy-9iueg7yh2ian,fake,frontal,facemask,non-binary
7ythahgt-7yhs-8wus-7tyh-17yhstgy73ia,real,profile,none,female
7ythahgt-7yhs-8wus-7tyh-17yhstgy73ia,real,profile,none,female
9yuawnhu-9ush-6ayh-5shy-9iueg7yh2ian,fake,frontal,facemask,non-binary
78uhgty6-3ygh-8ytf-g7ug-764gty8jut5y,real,frontal,hat,male
9yuawnhu-9ush-6ayh-5shy-9iueg7yh2ian,fake,frontal,facemask,non-binary
7ythahgt-7yhs-8wus-7tyh-17yhstgy73ia,real,profile,none,female
9yuawnhu-9ush-6ayh-5shy-9iueg7yh2ian,fake,frontal,facemask,non-binary
7ythahgt-7yhs-8wus-7tyh-17yhstgy73ia,real,profile,none,female
78uhgty6-3ygh-8ytf-g7ug-764gty8jut5y,real,frontal,hat,male
78uhgty6-3ygh-8ytf-g7ug-764gty8jut5y,real,frontal,hat,male
78uhgty6-3ygh-8ytf-g7ug-764gty8jut5y,real,frontal,hat,male
9yuawnhu-9ush-6ayh-5shy-9iueg7yh2ian,fake,frontal,facemask,non-binary
9yuawnhu-9ush-6ayh-5shy-9iueg7yh2ian,fake,frontal,facemask,non-binary
7ythahgt-7yhs-8wus-7tyh-17yhstgy73ia,real,profile,none,female
78uhgty6-3ygh-8ytf-g7ug-764gty8jut5y,real,frontal,hat,male
7ythahgt-7yhs-8wus-7tyh-17yhstgy73ia,real,profile,none,female
78uhgty6-3ygh-8ytf-g7ug-764gty8jut5y,real,frontal,none,female
7ythahgt-7yhs-8wus-7tyh-17yhstgy73ia,real,profile,none,female
9yuawnhu-9ush-6ayh-5shy-9iueg7yh2ian,fake,frontal,facemask,non-binary
78uhgty6-3ygh-8ytf-g7ug-764gty8jut5y,real,frontal,hat,male
78uhgty6-3ygh-8ytf-g7ug-764gty8jut5y,real,frontal,hat,male
7ythahgt-7yhs-8wus-7tyh-17yhstgy73ia,real,frontal,hat,male
9yuawnhu-9ush-6ayh-5shy-9iueg7yh2ian,fake,frontal,facemask,non-binary
9yuawnhu-9ush-6ayh-5shy-9iueg7yh2ian,fake,frontal,facemask,non-binary
7ythahgt-7yhs-8wus-7tyh-17yhstgy73ia,real,frontal,hat,female
78uhgty6-3ygh-8ytf-g7ug-764gty8jut5y,real,frontal,hat,male
78uhgty6-3ygh-8ytf-g7ug-764gty8jut5y,real,profile,none,male
78uhgty6-3ygh-8ytf-g7ug-764gty8jut5y,real,frontal,hat,male
78uhgty6-3ygh-8ytf-g7ug-764gty8jut5y,real,frontal,hat,male
9yuawnhu-9ush-6ayh-5shy-9iueg7yh2ian,fake,frontal,facemask,non-binary
9yuawnhu-9ush-6ayh-5shy-9iueg7yh2ian,fake,frontal,facemask,non-binary
7ythahgt-7yhs-8wus-7tyh-17yhstgy73ia,real,profile,none,female
9yuawnhu-9ush-6ayh-5shy-9iueg7yh2ian,fake,frontal,facemask,non-binary
9yuawnhu-9ush-6ayh-5shy-9iueg7yh2ian,fake,frontal,facemask,non-binary
9yuawnhu-9ush-6ayh-5shy-9iueg7yh2ian,fake,frontal,facemask,non-binary
7ythahgt-7yhs-8wus-7tyh-17yhstgy73ia,real,profile,none,female
78uhgty6-3ygh-8ytf-g7ug-764gty8jut5y,real,frontal,hat,male
9yuawnhu-9ush-6ayh-5shy-9iueg7yh2ian,fake,frontal,facemask,non-binary
78uhgty6-3ygh-8ytf-g7ug-764gty8jut5y,real,frontal,hat,male
7ythahgt-7yhs-8wus-7tyh-17yhstgy73ia,real,profile,none,female
7ythahgt-7yhs-8wus-7tyh-17yhstgy73ia,real,profile,none,female
9yuawnhu-9ush-6ayh-5shy-9iueg7yh2ian,fake,frontal,facemask,non-binary
78uhgty6-3ygh-8ytf-g7ug-764gty8jut5y,real,frontal,hat,male
78uhgty6-3ygh-8ytf-g7ug-764gty8jut5y,real,frontal,hat,male
78uhgty6-3ygh-8ytf-g7ug-764gty8jut5y,real,frontal,hat,male
7ythahgt-7yhs-8wus-7tyh-17yhstgy73ia,real,profile,none,female
78uhgty6-3ygh-8ytf-g7ug-764gty8jut5y,real,profile,hat,male
7ythahgt-7yhs-8wus-7tyh-17yhstgy73ia,real,profile,none,female
7ythahgt-7yhs-8wus-7tyh-17yhstgy73ia,real,profile,none,female
78uhgty6-3ygh-8ytf-g7ug-764gty8jut5y,real,frontal,hat,male
9yuawnhu-9ush-6ayh-5shy-9iueg7yh2ian,fake,frontal,facemask,non-binary
9yuawnhu-9ush-6ayh-5shy-9iueg7yh2ian,fake,frontal,facemask,non-binary
7ythahgt-7yhs-8wus-7tyh-17yhstgy73ia,real,profile,none,female
9yuawnhu-9ush-6ayh-5shy-9iueg7yh2ian,fake,frontal,facemask,non-binary
78uhgty6-3ygh-8ytf-g7ug-764gty8jut5y,real,frontal,hat,male
78uhgty6-3ygh-8ytf-g7ug-764gty8jut5y,real,frontal,hat,male
9yuawnhu-9ush-6ayh-5shy-9iueg7yh2ian,fake,frontal,facemask,non-binary
7ythahgt-7yhs-8wus-7tyh-17yhstgy73ia,real,profile,none,female
7ythahgt-7yhs-8wus-7tyh-17yhstgy73ia,real,profile,none,female
9yuawnhu-9ush-6ayh-5shy-9iueg7yh2ian,fake,frontal,facemask,non-binary
9yuawnhu-9ush-6ayh-5shy-9iueg7yh2ian,fake,frontal,facemask,non-binary
78uhgty6-3ygh-8ytf-g7ug-764gty8jut5y,real,frontal,hat,male
7ythahgt-7yhs-8wus-7tyh-17yhstgy73ia,real,profile,none,female
78uhgty6-3ygh-8ytf-g7ug-764gty8jut5y,real,frontal,hat,male
78uhgty6-3ygh-8ytf-g7ug-764gty8jut5y,real,frontal,hat,male
7ythahgt-7yhs-8wus-7tyh-17yhstgy73ia,real,profile,none,female
9yuawnhu-9ush-6ayh-5shy-9iueg7yh2ian,fake,frontal,facemask,non-binary
9yuawnhu-9ush-6ayh-5shy-9iueg7yh2ian,fake,frontal,facemask,non-binary
9yuawnhu-9ush-6ayh-5shy-9iueg7yh2ian,fake,frontal,facemask,non-binary
7ythahgt-7yhs-8wus-7tyh-17yhstgy73ia,real,profile,none,female
78uhgty6-3ygh-8ytf-g7ug-764gty8jut5y,real,frontal,facemask,male
7ythahgt-7yhs-8wus-7tyh-17yhstgy73ia,real,profile,none,female
9yuawnhu-9ush-6ayh-5shy-9iueg7yh2ian,fake,frontal,facemask,non-binary
9yuawnhu-9ush-6ayh-5shy-9iueg7yh2ian,fake,frontal,facemask,non-binary
9yuawnhu-9ush-6ayh-5shy-9iueg7yh2ian,fake,frontal,facemask,non-binary
7ythahgt-7yhs-8wus-7tyh-17yhstgy73ia,real,profile,none,female
7ythahgt-7yhs-8wus-7tyh-17yhstgy73ia,real,profile,none,female
7ythahgt-7yhs-8wus-7tyh-17yhstgy73ia,real,profile,none,female
7ythahgt-7yhs-8wus-7tyh-17yhstgy73ia,real,profile,none,female
7ythahgt-7yhs-8wus-7tyh-17yhstgy73ia,real,profile,none,female
9yuawnhu-9ush-6ayh-5shy-9iueg7yh2ian,fake,frontal,facemask,non-binary
9yuawnhu-9ush-6ayh-5shy-9iueg7yh2ian,fake,frontal,facemask,non-binary
7ythahgt-7yhs-8wus-7tyh-17yhstgy73ia,real,profile,none,female
9yuawnhu-9ush-6ayh-5shy-9iueg7yh2ian,fake,frontal,facemask,non-binary
78uhgty6-3ygh-8ytf-g7ug-764gty8jut5y,fake,frontal,hat,male
9yuawnhu-9ush-6ayh-5shy-9iueg7yh2ian,fake,frontal,facemask,non-binary
7ythahgt-7yhs-8wus-7tyh-17yhstgy73ia,real,frontal,hat,male
78uhgty6-3ygh-8ytf-g7ug-764gty8jut5y,real,frontal,hat,male
78uhgty6-3ygh-8ytf-g7ug-764gty8jut5y,real,frontal,hat,male
7ythahgt-7yhs-8wus-7tyh-17yhstgy73ia,real,profile,none,female
9yuawnhu-9ush-6ayh-5shy-9iueg7yh2ian,fake,frontal,facemask,non-binary
9yuawnhu-9ush-6ayh-5shy-9iueg7yh2ian,fake,frontal,facemask,non-binary
7ythahgt-7yhs-8wus-7tyh-17yhstgy73ia,real,profile,none,female
9yuawnhu-9ush-6ayh-5shy-9iueg7yh2ian,real,frontal,facemask,non-binary
7ythahgt-7yhs-8wus-7tyh-17yhstgy73ia,real,profile,none,female
7ythahgt-7yhs-8wus-7tyh-17yhstgy73ia,real,profile,none,female
7ythahgt-7yhs-8wus-7tyh-17yhstgy73ia,real,profile,none,female
78uhgty6-3ygh-8ytf-g7ug-764gty8jut5y,real,frontal,hat,male
9yuawnhu-9ush-6ayh-5shy-9iueg7yh2ian,fake,frontal,facemask,non-binary
9yuawnhu-9ush-6ayh-5shy-9iueg7yh2ian,fake,frontal,facemask,non-binary
78uhgty6-3ygh-8ytf-g7ug-764gty8jut5y,real,frontal,hat,male
9yuawnhu-9ush-6ayh-5shy-9iueg7yh2ian,fake,frontal,facemask,non-binary
9yuawnhu-9ush-6ayh-5shy-9iueg7yh2ian,real,frontal,facemask,non-binary
78uhgty6-3ygh-8ytf-g7ug-764gty8jut5y,real,frontal,hat,male
7ythahgt-7yhs-8wus-7tyh-17yhstgy73ia,real,profile,none,female
78uhgty6-3ygh-8ytf-g7ug-764gty8jut5y,real,frontal,hat,male
9yuawnhu-9ush-6ayh-5shy-9iueg7yh2ian,fake,frontal,facemask,non-binary
7ythahgt-7yhs-8wus-7tyh-17yhstgy73ia,real,profile,none,female
78uhgty6-3ygh-8ytf-g7ug-764gty8jut5y,real,frontal,hat,male
7ythahgt-7yhs-8wus-7tyh-17yhstgy73ia,real,frontal,hat,female
7ythahgt-7yhs-8wus-7tyh-17yhstgy73ia,real,profile,none,female
9yuawnhu-9ush-6ayh-5shy-9iueg7yh2ian,fake,frontal,facemask,non-binary
9yuawnhu-9ush-6ayh-5shy-9iueg7yh2ian,fake,frontal,facemask,non-binary
9yuawnhu-9ush-6ayh-5shy-9iueg7yh2ian,fake,frontal,facemask,non-binary
78uhgty6-3ygh-8ytf-g7ug-764gty8jut5y,real,frontal,hat,male
9yuawnhu-9ush-6ayh-5shy-9iueg7yh2ian,real,frontal,facemask,non-binary
7ythahgt-7yhs-8wus-7tyh-17yhstgy73ia,real,profile,none,female
9yuawnhu-9ush-6ayh-5shy-9iueg7yh2ian,fake,frontal,facemask,non-binary
9yuawnhu-9ush-6ayh-5shy-9iueg7yh2ian,fake,frontal,facemask,non-binary
9yuawnhu-9ush-6ayh-5shy-9iueg7yh2ian,fake,frontal,facemask,non-binary
7ythahgt-7yhs-8wus-7tyh-17yhstgy73ia,real,profile,none,female
9yuawnhu-9ush-6ayh-5shy-9iueg7yh2ian,fake,frontal,facemask,non-binary
78uhgty6-3ygh-8ytf-g7ug-764gty8jut5y,real,frontal,hat,male
7ythahgt-7yhs-8wus-7tyh-17yhstgy73ia,real,profile,none,female
7ythahgt-7yhs-8wus-7tyh-17yhstgy73ia,real,profile,none,female
7ythahgt-7yhs-8wus-7tyh-17yhstgy73ia,real,profile,none,female
9yuawnhu-9ush-6ayh-5shy-9iueg7yh2ian,fake,frontal,facemask,non-binary
9yuawnhu-9ush-6ayh-5shy-9iueg7yh2ian,fake,frontal,facemask,non-binary
78uhgty6-3ygh-8ytf-g7ug-764gty8jut5y,real,frontal,hat,male
78uhgty6-3ygh-8ytf-g7ug-764gty8jut5y,real,frontal,hat,male
9yuawnhu-9ush-6ayh-5shy-9iueg7yh2ian,fake,frontal,facemask,non-binary
78uhgty6-3ygh-8ytf-g7ug-764gty8jut5y,real,frontal,hat,female
9yuawnhu-9ush-6ayh-5shy-9iueg7yh2ian,fake,frontal,facemask,non-binary
7ythahgt-7yhs-8wus-7tyh-17yhstgy73ia,real,profile,none,female
7ythahgt-7yhs-8wus-7tyh-17yhstgy73ia,real,profile,none,female
78uhgty6-3ygh-8ytf-g7ug-764gty8jut5y,real,frontal,hat,male
9yuawnhu-9ush-6ayh-5shy-9iueg7yh2ian,fake,frontal,facemask,non-binary
7ythahgt-7yhs-8wus-7tyh-17yhstgy73ia,real,profile,none,female
78uhgty6-3ygh-8ytf-g7ug-764gty8jut5y,real,frontal,hat,male
78uhgty6-3ygh-8ytf-g7ug-764gty8jut5y,real,frontal,hat,male
7ythahgt-7yhs-8wus-7tyh-17yhstgy73ia,real,profile,none,female
7ythahgt-7yhs-8wus-7tyh-17yhstgy73ia,real,profile,none,female
7ythahgt-7yhs-8wus-7tyh-17yhstgy73ia,real,profile,none,female
7ythahgt-7yhs-8wus-7tyh-17yhstgy73ia,real,profile,none,female
78uhgty6-3ygh-8ytf-g7ug-764gty8jut5y,real,frontal,hat,male
9yuawnhu-9ush-6ayh-5shy-9iueg7yh2ian,fake,frontal,facemask,non-binary
9yuawnhu-9ush-6ayh-5shy-9iueg7yh2ian,fake,frontal,facemask,non-binary
9yuawnhu-9ush-6ayh-5shy-9iueg7yh2ian,fake,frontal,facemask,non-binary
7ythahgt-7yhs-8wus-7tyh-17yhstgy73ia,real,profile,none,female
7ythahgt-7yhs-8wus-7tyh-17yhstgy73ia,real,profile,none,female
7ythahgt-7yhs-8wus-7tyh-17yhstgy73ia,real,profile,none,female
9yuawnhu-9ush-6ayh-5shy-9iueg7yh2ian,fake,frontal,facemask,non-binary
9yuawnhu-9ush-6ayh-5shy-9iueg7yh2ian,fake,frontal,facemask,non-binary
7ythahgt-7yhs-8wus-7tyh-17yhstgy73ia,real,profile,none,female
7ythahgt-7yhs-8wus-7tyh-17yhstgy73ia,real,profile,none,female
9yuawnhu-9ush-6ayh-5shy-9iueg7yh2ian,fake,frontal,facemask,non-binary
78uhgty6-3ygh-8ytf-g7ug-764gty8jut5y,real,frontal,hat,male
7ythahgt-7yhs-8wus-7tyh-17yhstgy73ia,real,frontal,none,female
9yuawnhu-9ush-6ayh-5shy-9iueg7yh2ian,fake,frontal,none,non-binary
78uhgty6-3ygh-8ytf-g7ug-764gty8jut5y,real,frontal,hat,male
7ythahgt-7yhs-8wus-7tyh-17yhstgy73ia,real,profile,none,female
9yuawnhu-9ush-6ayh-5shy-9iueg7yh2ian,fake,frontal,facemask,non-binary
7ythahgt-7yhs-8wus-7tyh-17yhstgy73ia,real,profile,none,female
78uhgty6-3ygh-8ytf-g7ug-764gty8jut5y,real,frontal,hat,male
78uhgty6-3ygh-8ytf-g7ug-764gty8jut5y,real,frontal,facemask,male
9yuawnhu-9ush-6ayh-5shy-9iueg7yh2ian,fake,frontal,facemask,non-binary
7ythahgt-7yhs-8wus-7tyh-17yhstgy73ia,real,profile,none,female
78uhgty6-3ygh-8ytf-g7ug-764gty8jut5y,real,frontal,hat,male
78uhgty6-3ygh-8ytf-g7ug-764gty8jut5y,real,frontal,hat,male
7ythahgt-7yhs-8wus-7tyh-17yhstgy73ia,real,profile,none,female
78uhgty6-3ygh-8ytf-g7ug-764gty8jut5y,real,frontal,hat,male
9yuawnhu-9ush-6ayh-5shy-9iueg7yh2ian,fake,frontal,facemask,non-binary
9yuawnhu-9ush-6ayh-5shy-9iueg7yh2ian,fake,frontal,facemask,non-binary
7ythahgt-7yhs-8wus-7tyh-17yhstgy73ia,real,profile,none,female
7ythahgt-7yhs-8wus-7tyh-17yhstgy73ia,real,profile,none,female
9yuawnhu-9ush-6ayh-5shy-9iueg7yh2ian,fake,frontal,facemask,non-binary
7ythahgt-7yhs-8wus-7tyh-17yhstgy73ia,real,profile,none,female
9yuawnhu-9ush-6ayh-5shy-9iueg7yh2ian,fake,frontal,facemask,non-binary
9yuawnhu-9ush-6ayh-5shy-9iueg7yh2ian,real,frontal,facemask,non-binary
9yuawnhu-9ush-6ayh-5shy-9iueg7yh2ian,fake,frontal,facemask,non-binary
78uhgty6-3ygh-8ytf-g7ug-764gty8jut5y,real,frontal,hat,male
78uhgty6-3ygh-8ytf-g7ug-764gty8jut5y,real,frontal,hat,male
9yuawnhu-9ush-6ayh-5shy-9iueg7yh2ian,fake,frontal,facemask,non-binary
7ythahgt-7yhs-8wus-7tyh-17yhstgy73ia,real,profile,none,female
7ythahgt-7yhs-8wus-7tyh-17yhstgy73ia,real,profile,none,female
7ythahgt-7yhs-8wus-7tyh-17yhstgy73ia,real,profile,none,female
78uhgty6-3ygh-8ytf-g7ug-764gty8jut5y,real,frontal,hat,male
7ythahgt-7yhs-8wus-7tyh-17yhstgy73ia,real,profile,none,female
78uhgty6-3ygh-8ytf-g7ug-764gty8jut5y,real,frontal,hat,male
78uhgty6-3ygh-8ytf-g7ug-764gty8jut5y,real,frontal,hat,male
9yuawnhu-9ush-6ayh-5shy-9iueg7yh2ian,fake,frontal,facemask,non-binary
9yuawnhu-9ush-6ayh-5shy-9iueg7yh2ian,fake,frontal,facemask,non-binary
9yuawnhu-9ush-6ayh-5shy-9iueg7yh2ian,fake,frontal,facemask,non-binary
9yuawnhu-9ush-6ayh-5shy-9iueg7yh2ian,fake,frontal,facemask,non-binary
7ythahgt-7yhs-8wus-7tyh-17yhstgy73ia,real,profile,none,female
7ythahgt-7yhs-8wus-7tyh-17yhstgy73ia,real,profile,none,female
7ythahgt-7yhs-8wus-7tyh-17yhstgy73ia,real,profile,none,female
78uhgty6-3ygh-8ytf-g7ug-764gty8jut5y,real,frontal,hat,male
9yuawnhu-9ush-6ayh-5shy-9iueg7yh2ian,fake,frontal,hat,male
78uhgty6-3ygh-8ytf-g7ug-764gty8jut5y,real,frontal,hat,male
78uhgty6-3ygh-8ytf-g7ug-764gty8jut5y,real,frontal,hat,male
9yuawnhu-9ush-6ayh-5shy-9iueg7yh2ian,fake,frontal,facemask,non-binary
7ythahgt-7yhs-8wus-7tyh-17yhstgy73ia,real,frontal,none,female
9yuawnhu-9ush-6ayh-5shy-9iueg7yh2ian,fake,frontal,facemask,non-binary
9yuawnhu-9ush-6ayh-5shy-9iueg7yh2ian,fake,frontal,facemask,non-binary
7ythahgt-7yhs-8wus-7tyh-17yhstgy73ia,real,profile,none,female
78uhgty6-3ygh-8ytf-g7ug-764gty8jut5y,real,frontal,hat,male
9yuawnhu-9ush-6ayh-5shy-9iueg7yh2ian,fake,frontal,facemask,non-binary
7ythahgt-7yhs-8wus-7tyh-17yhstgy73ia,real,profile,none,female
78uhgty6-3ygh-8ytf-g7ug-764gty8jut5y,real,frontal,hat,male
7ythahgt-7yhs-8wus-7tyh-17yhstgy73ia,real,profile,none,female
7ythahgt-7yhs-8wus-7tyh-17yhstgy73ia,real,profile,none,female
9yuawnhu-9ush-6ayh-5shy-9iueg7yh2ian,fake,frontal,facemask,non-binary
9yuawnhu-9ush-6ayh-5shy-9iueg7yh2ian,fake,frontal,facemask,non-binary
78uhgty6-3ygh-8ytf-g7ug-764gty8jut5y,real,frontal,hat,male
7ythahgt-7yhs-8wus-7tyh-17yhstgy73ia,real,profile,none,female
7ythahgt-7yhs-8wus-7tyh-17yhstgy73ia,real,profile,none,female
9yuawnhu-9ush-6ayh-5shy-9iueg7yh2ian,fake,frontal,facemask,non-binary
78uhgty6-3ygh-8ytf-g7ug-764gty8jut5y,real,frontal,hat,male
78uhgty6-3ygh-8ytf-g7ug-764gty8jut5y,real,frontal,hat,male
78uhgty6-3ygh-8ytf-g7ug-764gty8jut5y,real,frontal,hat,non-binary
78uhgty6-3ygh-8ytf-g7ug-764gty8jut5y,real,frontal,none,male
78uhgty6-3ygh-8ytf-g7ug-764gty8jut5y,real,frontal,hat,male
78uhgty6-3ygh-8ytf-g7ug-764gty8jut5y,real,frontal,hat,male
9yuawnhu-9ush-6ayh-5shy-9iueg7yh2ian,fake,frontal,facemask,non-binary
9yuawnhu-9ush-6ayh-5shy-9iueg7yh2ian,real,frontal,hat,male
7ythahgt-7yhs-8wus-7tyh-17yhstgy73ia,real,profile,none,female
9yuawnhu-9ush-6ayh-5shy-9iueg7yh2ian,fake,frontal,facemask,male
7ythahgt-7yhs-8wus-7tyh-17yhstgy73ia,real,profile,none,female
9yuawnhu-9ush-6ayh-5shy-9iueg7yh2ian,fake,frontal,facemask,non-binary
9yuawnhu-9ush-6ayh-5shy-9iueg7yh2ian,fake,frontal,facemask,non-binary
7ythahgt-7yhs-8wus-7tyh-17yhstgy73ia,real,profile,hat,female
7ythahgt-7yhs-8wus-7tyh-17yhstgy73ia,real,profile,none,female
7ythahgt-7yhs-8wus-7tyh-17yhstgy73ia,real,profile,none,female
7ythahgt-7yhs-8wus-7tyh-17yhstgy73ia,real,profile,none,female
9yuawnhu-9ush-6ayh-5shy-9iueg7yh2ian,fake,frontal,facemask,male
78uhgty6-3ygh-8ytf-g7ug-764gty8jut5y,real,frontal,hat,male
7ythahgt-7yhs-8wus-7tyh-17yhstgy73ia,real,profile,none,female
78uhgty6-3ygh-8ytf-g7ug-764gty8jut5y,real,frontal,hat,male
78uhgty6-3ygh-8ytf-g7ug-764gty8jut5y,real,frontal,hat,male
78uhgty6-3ygh-8ytf-g7ug-764gty8jut5y,real,frontal,hat,male
78uhgty6-3ygh-8ytf-g7ug-764gty8jut5y,real,profile,hat,male
78uhgty6-3ygh-8ytf-g7ug-764gty8jut5y,real,frontal,hat,male
9yuawnhu-9ush-6ayh-5shy-9iueg7yh2ian,fake,frontal,facemask,non-binary
9yuawnhu-9ush-6ayh-5shy-9iueg7yh2ian,fake,frontal,facemask,non-binary
7ythahgt-7yhs-8wus-7tyh-17yhstgy73ia,real,profile,hat,male
7ythahgt-7yhs-8wus-7tyh-17yhstgy73ia,real,profile,none,female
7ythahgt-7yhs-8wus-7tyh-17yhstgy73ia,real,profile,none,female
9yuawnhu-9ush-6ayh-5shy-9iueg7yh2ian,fake,frontal,facemask,male
9yuawnhu-9ush-6ayh-5shy-9iueg7yh2ian,fake,frontal,facemask,non-binary
7ythahgt-7yhs-8wus-7tyh-17yhstgy73ia,real,profile,none,female
9yuawnhu-9ush-6ayh-5shy-9iueg7yh2ian,fake,frontal,facemask,non-binary
7ythahgt-7yhs-8wus-7tyh-17yhstgy73ia,real,profile,none,female
7ythahgt-7yhs-8wus-7tyh-17yhstgy73ia,real,profile,none,female
78uhgty6-3ygh-8ytf-g7ug-764gty8jut5y,real,frontal,hat,male
78uhgty6-3ygh-8ytf-g7ug-764gty8jut5y,real,frontal,hat,male
7ythahgt-7yhs-8wus-7tyh-17yhstgy73ia,real,profile,none,female
7ythahgt-7yhs-8wus-7tyh-17yhstgy73ia,real,profile,none,female
9yuawnhu-9ush-6ayh-5shy-9iueg7yh2ian,fake,frontal,facemask,non-binary
9yuawnhu-9ush-6ayh-5shy-9iueg7yh2ian,fake,frontal,facemask,non-binary
7ythahgt-7yhs-8wus-7tyh-17yhstgy73ia,real,profile,none,female
78uhgty6-3ygh-8ytf-g7ug-764gty8jut5y,real,frontal,hat,male
78uhgty6-3ygh-8ytf-g7ug-764gty8jut5y,real,frontal,hat,male
7ythahgt-7yhs-8wus-7tyh-17yhstgy73ia,real,profile,none,female
78uhgty6-3ygh-8ytf-g7ug-764gty8jut5y,real,frontal,hat,male
9yuawnhu-9ush-6ayh-5shy-9iueg7yh2ian,fake,frontal,facemask,non-binary
9yuawnhu-9ush-6ayh-5shy-9iueg7yh2ian,fake,frontal,hat,male
7ythahgt-7yhs-8wus-7tyh-17yhstgy73ia,real,profile,none,female
9yuawnhu-9ush-6ayh-5shy-9iueg7yh2ian,fake,frontal,facemask,non-binary
78uhgty6-3ygh-8ytf-g7ug-764gty8jut5y,real,frontal,hat,male
78uhgty6-3ygh-8ytf-g7ug-764gty8jut5y,real,frontal,hat,male
7ythahgt-7yhs-8wus-7tyh-17yhstgy73ia,real,profile,none,female
7ythahgt-7yhs-8wus-7tyh-17yhstgy73ia,real,frontal,hat,male
78uhgty6-3ygh-8ytf-g7ug-764gty8jut5y,real,frontal,facemask,non-binary
9yuawnhu-9ush-6ayh-5shy-9iueg7yh2ian,fake,frontal,facemask,non-binary
9yuawnhu-9ush-6ayh-5shy-9iueg7yh2ian,fake,frontal,facemask,non-binary
9yuawnhu-9ush-6ayh-5shy-9iueg7yh2ian,fake,frontal,facemask,non-binary
78uhgty6-3ygh-8ytf-g7ug-764gty8jut5y,real,frontal,hat,male
9yuawnhu-9ush-6ayh-5shy-9iueg7yh2ian,fake,frontal,facemask,non-binary
78uhgty6-3ygh-8ytf-g7ug-764gty8jut5y,real,frontal,hat,male
9yuawnhu-9ush-6ayh-5shy-9iueg7yh2ian,fake,frontal,facemask,male
78uhgty6-3ygh-8ytf-g7ug-764gty8jut5y,real,frontal,hat,male
7ythahgt-7yhs-8wus-7tyh-17yhstgy73ia,real,profile,none,female
78uhgty6-3ygh-8ytf-g7ug-764gty8jut5y,real,frontal,hat,male
78uhgty6-3ygh-8ytf-g7ug-764gty8jut5y,real,frontal,hat,male
9yuawnhu-9ush-6ayh-5shy-9iueg7yh2ian,fake,frontal,facemask,non-binary
7ythahgt-7yhs-8wus-7tyh-17yhstgy73ia,real,profile,none,female
78uhgty6-3ygh-8ytf-g7ug-764gty8jut5y,real,frontal,facemask,male
7ythahgt-7yhs-8wus-7tyh-17yhstgy73ia,real,frontal,none,non-binary
7ythahgt-7yhs-8wus-7tyh-17yhstgy73ia,real,profile,none,female
7ythahgt-7yhs-8wus-7tyh-17yhstgy73ia,real,profile,none,female
7ythahgt-7yhs-8wus-7tyh-17yhstgy73ia,real,profile,none,female
78uhgty6-3ygh-8ytf-g7ug-764gty8jut5y,real,frontal,hat,male
9yuawnhu-9ush-6ayh-5shy-9iueg7yh2ian,fake,frontal,facemask,non-binary
7ythahgt-7yhs-8wus-7tyh-17yhstgy73ia,real,profile,none,female
78uhgty6-3ygh-8ytf-g7ug-764gty8jut5y,real,frontal,hat,male
78uhgty6-3ygh-8ytf-g7ug-764gty8jut5y,real,frontal,hat,male
7ythahgt-7yhs-8wus-7tyh-17yhstgy73ia,real,profile,none,female
7ythahgt-7yhs-8wus-7tyh-17yhstgy73ia,real,profile,none,female
78uhgty6-3ygh-8ytf-g7ug-764gty8jut5y,real,frontal,facemask,non-binary
7ythahgt-7yhs-8wus-7tyh-17yhstgy73ia,real,profile,none,female
9yuawnhu-9ush-6ayh-5shy-9iueg7yh2ian,fake,frontal,facemask,non-binary
9yuawnhu-9ush-6ayh-5shy-9iueg7yh2ian,fake,frontal,facemask,non-binary
7ythahgt-7yhs-8wus-7tyh-17yhstgy73ia,real,profile,none,female
9yuawnhu-9ush-6ayh-5shy-9iueg7yh2ian,fake,frontal,facemask,non-binary
7ythahgt-7yhs-8wus-7tyh-17yhstgy73ia,real,profile,none,female
9yuawnhu-9ush-6ayh-5shy-9iueg7yh2ian,fake,frontal,facemask,non-binary
7ythahgt-7yhs-8wus-7tyh-17yhstgy73ia,real,profile,none,female
7ythahgt-7yhs-8wus-7tyh-17yhstgy73ia,real,profile,none,female
78uhgty6-3ygh-8ytf-g7ug-764gty8jut5y,real,frontal,hat,male
9yuawnhu-9ush-6ayh-5shy-9iueg7yh2ian,fake,frontal,facemask,non-binary
7ythahgt-7yhs-8wus-7tyh-17yhstgy73ia,real,profile,none,female
9yuawnhu-9ush-6ayh-5shy-9iueg7yh2ian,fake,frontal,facemask,non-binary
9yuawnhu-9ush-6ayh-5shy-9iueg7yh2ian,fake,frontal,facemask,non-binary
7ythahgt-7yhs-8wus-7tyh-17yhstgy73ia,real,profile,none,female
78uhgty6-3ygh-8ytf-g7ug-764gty8jut5y,real,frontal,hat,male
9yuawnhu-9ush-6ayh-5shy-9iueg7yh2ian,fake,frontal,facemask,male
7ythahgt-7yhs-8wus-7tyh-17yhstgy73ia,real,profile,none,female
9yuawnhu-9ush-6ayh-5shy-9iueg7yh2ian,fake,frontal,facemask,non-binary
9yuawnhu-9ush-6ayh-5shy-9iueg7yh2ian,fake,frontal,facemask,non-binary
78uhgty6-3ygh-8ytf-g7ug-764gty8jut5y,real,frontal,hat,male
78uhgty6-3ygh-8ytf-g7ug-764gty8jut5y,real,frontal,hat,male
9yuawnhu-9ush-6ayh-5shy-9iueg7yh2ian,fake,frontal,facemask,non-binary
78uhgty6-3ygh-8ytf-g7ug-764gty8jut5y,real,frontal,facemask,male
78uhgty6-3ygh-8ytf-g7ug-764gty8jut5y,real,frontal,hat,male
78uhgty6-3ygh-8ytf-g7ug-764gty8jut5y,real,frontal,hat,male
9yuawnhu-9ush-6ayh-5shy-9iueg7yh2ian,fake,frontal,facemask,non-binary
9yuawnhu-9ush-6ayh-5shy-9iueg7yh2ian,fake,frontal,facemask,non-binary
78uhgty6-3ygh-8ytf-g7ug-764gty8jut5y,real,frontal,hat,male
7ythahgt-7yhs-8wus-7tyh-17yhstgy73ia,real,profile,none,female
9yuawnhu-9ush-6ayh-5shy-9iueg7yh2ian,fake,frontal,facemask,non-binary
78uhgty6-3ygh-8ytf-g7ug-764gty8jut5y,real,frontal,hat,male
78uhgty6-3ygh-8ytf-g7ug-764gty8jut5y,real,frontal,hat,male
78uhgty6-3ygh-8ytf-g7ug-764gty8jut5y,real,frontal,hat,male
78uhgty6-3ygh-8ytf-g7ug-764gty8jut5y,real,frontal,hat,male
7ythahgt-7yhs-8wus-7tyh-17yhstgy73ia,real,profile,none,female
78uhgty6-3ygh-8ytf-g7ug-764gty8jut5y,real,frontal,hat,male
7ythahgt-7yhs-8wus-7tyh-17yhstgy73ia,real,frontal,none,male
78uhgty6-3ygh-8ytf-g7ug-764gty8jut5y,real,frontal,hat,male
7ythahgt-7yhs-8wus-7tyh-17yhstgy73ia,real,profile,none,female
9yuawnhu-9ush-6ayh-5shy-9iueg7yh2ian,fake,frontal,facemask,non-binary
78uhgty6-3ygh-8ytf-g7ug-764gty8jut5y,real,frontal,hat,male
7ythahgt-7yhs-8wus-7tyh-17yhstgy73ia,real,profile,none,female
7ythahgt-7yhs-8wus-7tyh-17yhstgy73ia,real,frontal,none,female
78uhgty6-3ygh-8ytf-g7ug-764gty8jut5y,real,profile,none,female
9yuawnhu-9ush-6ayh-5shy-9iueg7yh2ian,fake,frontal,facemask,non-binary
7ythahgt-7yhs-8wus-7tyh-17yhstgy73ia,real,profile,none,female
7ythahgt-7yhs-8wus-7tyh-17yhstgy73ia,real,profile,none,female
7ythahgt-7yhs-8wus-7tyh-17yhstgy73ia,real,profile,none,female
7ythahgt-7yhs-8wus-7tyh-17yhstgy73ia,real,frontal,hat,female
9yuawnhu-9ush-6ayh-5shy-9iueg7yh2ian,fake,frontal,facemask,non-binary
7ythahgt-7yhs-8wus-7tyh-17yhstgy73ia,real,profile,none,female
9yuawnhu-9ush-6ayh-5shy-9iueg7yh2ian,fake,frontal,facemask,non-binary
9yuawnhu-9ush-6ayh-5shy-9iueg7yh2ian,fake,frontal,facemask,non-binary
9yuawnhu-9ush-6ayh-5shy-9iueg7yh2ian,fake,frontal,facemask,non-binary
7ythahgt-7yhs-8wus-7tyh-17yhstgy73ia,real,profile,none,female
7ythahgt-7yhs-8wus-7tyh-17yhstgy73ia,real,profile,none,female
9yuawnhu-9ush-6ayh-5shy-9iueg7yh2ian,real,frontal,hat,non-binary
7ythahgt-7yhs-8wus-7tyh-17yhstgy73ia,real,profile,none,female
9yuawnhu-9ush-6ayh-5shy-9iueg7yh2ian,fake,frontal,facemask,male
7ythahgt-7yhs-8wus-7tyh-17yhstgy73ia,real,profile,none,female
9yuawnhu-9ush-6ayh-5shy-9iueg7yh2ian,real,frontal,facemask,male
78uhgty6-3ygh-8ytf-g7ug-764gty8jut5y,real,frontal,hat,male
9yuawnhu-9ush-6ayh-5shy-9iueg7yh2ian,fake,frontal,facemask,non-binary
7ythahgt-7yhs-8wus-7tyh-17yhstgy73ia,real,profile,none,female
9yuawnhu-9ush-6ayh-5shy-9iueg7yh2ian,fake,frontal,facemask,non-binary
7ythahgt-7yhs-8wus-7tyh-17yhstgy73ia,real,profile,none,female
78uhgty6-3ygh-8ytf-g7ug-764gty8jut5y,fake,frontal,facemask,non-binary
7ythahgt-7yhs-8wus-7tyh-17yhstgy73ia,real,profile,hat,female
78uhgty6-3ygh-8ytf-g7ug-764gty8jut5y,real,frontal,hat,male
9yuawnhu-9ush-6ayh-5shy-9iueg7yh2ian,fake,frontal,facemask,non-binary
9yuawnhu-9ush-6ayh-5shy-9iueg7yh2ian,fake,frontal,facemask,non-binary
7ythahgt-7yhs-8wus-7tyh-17yhstgy73ia,real,profile,none,female
9yuawnhu-9ush-6ayh-5shy-9iueg7yh2ian,fake,frontal,facemask,non-binary
9yuawnhu-9ush-6ayh-5shy-9iueg7yh2ian,fake,frontal,facemask,non-binary
7ythahgt-7yhs-8wus-7tyh-17yhstgy73ia,real,profile,none,female
9yuawnhu-9ush-6ayh-5shy-9iueg7yh2ian,fake,frontal,facemask,non-binary
78uhgty6-3ygh-8ytf-g7ug-764gty8jut5y,real,frontal,hat,male
7ythahgt-7yhs-8wus-7tyh-17yhstgy73ia,real,profile,none,female
7ythahgt-7yhs-8wus-7tyh-17yhstgy73ia,real,profile,hat,female
7ythahgt-7yhs-8wus-7tyh-17yhstgy73ia,real,profile,none,female
7ythahgt-7yhs-8wus-7tyh-17yhstgy73ia,real,profile,none,female
9yuawnhu-9ush-6ayh-5shy-9iueg7yh2ian,real,frontal,facemask,non-binary
78uhgty6-3ygh-8ytf-g7ug-764gty8jut5y,real,frontal,hat,male
9yuawnhu-9ush-6ayh-5shy-9iueg7yh2ian,fake,frontal,facemask,non-binary
7ythahgt-7yhs-8wus-7tyh-17yhstgy73ia,real,profile,none,female
78uhgty6-3ygh-8ytf-g7ug-764gty8jut5y,real,frontal,hat,male
9yuawnhu-9ush-6ayh-5shy-9iueg7yh2ian,fake,frontal,facemask,non-binary
78uhgty6-3ygh-8ytf-g7ug-764gty8jut5y,real,frontal,hat,male
7ythahgt-7yhs-8wus-7tyh-17yhstgy73ia,real,profile,none,female
9yuawnhu-9ush-6ayh-5shy-9iueg7yh2ian,fake,frontal,facemask,non-binary
9yuawnhu-9ush-6ayh-5shy-9iueg7yh2ian,fake,frontal,facemask,non-binary
9yuawnhu-9ush-6ayh-5shy-9iueg7yh2ian,fake,frontal,facemask,non-binary
78uhgty6-3ygh-8ytf-g7ug-764gty8jut5y,real,profile,hat,female
78uhgty6-3ygh-8ytf-g7ug-764gty8jut5y,real,profile,hat,female
78uhgty6-3ygh-8ytf-g7ug-764gty8jut5y,real,frontal,hat,male
9yuawnhu-9ush-6ayh-5shy-9iueg7yh2ian,fake,frontal,facemask,non-binary
9yuawnhu-9ush-6ayh-5shy-9iueg7yh2ian,fake,frontal,facemask,non-binary
9yuawnhu-9ush-6ayh-5shy-9iueg7yh2ian,fake,frontal,facemask,non-binary
9yuawnhu-9ush-6ayh-5shy-9iueg7yh2ian,fake,frontal,facemask,non-binary
9yuawnhu-9ush-6ayh-5shy-9iueg7yh2ian,fake,frontal,facemask,non-binary
9yuawnhu-9ush-6ayh-5shy-9iueg7yh2ian,fake,frontal,facemask,non-binary
78uhgty6-3ygh-8ytf-g7ug-764gty8jut5y,real,frontal,hat,male
78uhgty6-3ygh-8ytf-g7ug-764gty8jut5y,real,frontal,hat,male
78uhgty6-3ygh-8ytf-g7ug-764gty8jut5y,fake,frontal,hat,male
7ythahgt-7yhs-8wus-7tyh-17yhstgy73ia,real,profile,none,female
7ythahgt-7yhs-8wus-7tyh-17yhstgy73ia,real,frontal,none,female
7ythahgt-7yhs-8wus-7tyh-17yhstgy73ia,real,profile,none,female
7ythahgt-7yhs-8wus-7tyh-17yhstgy73ia,real,profile,none,female
9yuawnhu-9ush-6ayh-5shy-9iueg7yh2ian,fake,frontal,facemask,non-binary
9yuawnhu-9ush-6ayh-5shy-9iueg7yh2ian,fake,frontal,facemask,non-binary
9yuawnhu-9ush-6ayh-5shy-9iueg7yh2ian,fake,frontal,facemask,non-binary
9yuawnhu-9ush-6ayh-5shy-9iueg7yh2ian,fake,frontal,facemask,non-binary
7ythahgt-7yhs-8wus-7tyh-17yhstgy73ia,real,profile,none,female
7ythahgt-7yhs-8wus-7tyh-17yhstgy73ia,real,profile,none,female
7ythahgt-7yhs-8wus-7tyh-17yhstgy73ia,real,profile,none,female
78uhgty6-3ygh-8ytf-g7ug-764gty8jut5y,real,profile,hat,female
7ythahgt-7yhs-8wus-7tyh-17yhstgy73ia,real,profile,none,female
78uhgty6-3ygh-8ytf-g7ug-764gty8jut5y,real,frontal,hat,male
9yuawnhu-9ush-6ayh-5shy-9iueg7yh2ian,fake,frontal,facemask,non-binary
7ythahgt-7yhs-8wus-7tyh-17yhstgy73ia,real,profile,none,female
7ythahgt-7yhs-8wus-7tyh-17yhstgy73ia,real,profile,none,female
78uhgty6-3ygh-8ytf-g7ug-764gty8jut5y,real,frontal,hat,male
78uhgty6-3ygh-8ytf-g7ug-764gty8jut5y,fake,frontal,hat,male
9yuawnhu-9ush-6ayh-5shy-9iueg7yh2ian,fake,frontal,facemask,non-binary
9yuawnhu-9ush-6ayh-5shy-9iueg7yh2ian,fake,frontal,facemask,non-binary
78uhgty6-3ygh-8ytf-g7ug-764gty8jut5y,real,frontal,hat,male
7ythahgt-7yhs-8wus-7tyh-17yhstgy73ia,real,frontal,hat,male
9yuawnhu-9ush-6ayh-5shy-9iueg7yh2ian,fake,frontal,facemask,non-binary
9yuawnhu-9ush-6ayh-5shy-9iueg7yh2ian,fake,frontal,facemask,non-binary
78uhgty6-3ygh-8ytf-g7ug-764gty8jut5y,real,frontal,hat,male
9yuawnhu-9ush-6ayh-5shy-9iueg7yh2ian,fake,frontal,facemask,non-binary
7ythahgt-7yhs-8wus-7tyh-17yhstgy73ia,real,profile,none,female
78uhgty6-3ygh-8ytf-g7ug-764gty8jut5y,real,frontal,hat,male
7ythahgt-7yhs-8wus-7tyh-17yhstgy73ia,real,profile,none,female
7ythahgt-7yhs-8wus-7tyh-17yhstgy73ia,real,profile,none,female
78uhgty6-3ygh-8ytf-g7ug-764gty8jut5y,real,frontal,hat,male
9yuawnhu-9ush-6ayh-5shy-9iueg7yh2ian,fake,frontal,facemask,non-binary
7ythahgt-7yhs-8wus-7tyh-17yhstgy73ia,real,frontal,none,male
9yuawnhu-9ush-6ayh-5shy-9iueg7yh2ian,fake,frontal,facemask,non-binary
9yuawnhu-9ush-6ayh-5shy-9iueg7yh2ian,fake,frontal,facemask,non-binary
78uhgty6-3ygh-8ytf-g7ug-764gty8jut5y,real,frontal,hat,male
9yuawnhu-9ush-6ayh-5shy-9iueg7yh2ian,real,frontal,facemask,male
7ythahgt-7yhs-8wus-7tyh-17yhstgy73ia,real,profile,none,female
9yuawnhu-9ush-6ayh-5shy-9iueg7yh2ian,fake,frontal,facemask,non-binary
9yuawnhu-9ush-6ayh-5shy-9iueg7yh2ian,fake,frontal,facemask,non-binary
78uhgty6-3ygh-8ytf-g7ug-764gty8jut5y,real,profile,none,male
7ythahgt-7yhs-8wus-7tyh-17yhstgy73ia,real,profile,none,female
78uhgty6-3ygh-8ytf-g7ug-764gty8jut5y,real,frontal,hat,male
78uhgty6-3ygh-8ytf-g7ug-764gty8jut5y,fake,frontal,facemask,male
7ythahgt-7yhs-8wus-7tyh-17yhstgy73ia,real,profile,none,female
78uhgty6-3ygh-8ytf-g7ug-764gty8jut5y,real,frontal,none,female
7ythahgt-7yhs-8wus-7tyh-17yhstgy73ia,real,profile,none,female
7ythahgt-7yhs-8wus-7tyh-17yhstgy73ia,real,profile,none,female
78uhgty6-3ygh-8ytf-g7ug-764gty8jut5y,real,frontal,hat,male
7ythahgt-7yhs-8wus-7tyh-17yhstgy73ia,real,profile,none,female
9yuawnhu-9ush-6ayh-5shy-9iueg7yh2ian,fake,frontal,facemask,non-binary
78uhgty6-3ygh-8ytf-g7ug-764gty8jut5y,real,frontal,hat,male
78uhgty6-3ygh-8ytf-g7ug-764gty8jut5y,real,frontal,hat,male
9yuawnhu-9ush-6ayh-5shy-9iueg7yh2ian,fake,frontal,facemask,non-binary
7ythahgt-7yhs-8wus-7tyh-17yhstgy73ia,real,profile,none,female
9yuawnhu-9ush-6ayh-5shy-9iueg7yh2ian,fake,frontal,facemask,male
7ythahgt-7yhs-8wus-7tyh-17yhstgy73ia,real,profile,none,female
9yuawnhu-9ush-6ayh-5shy-9iueg7yh2ian,fake,frontal,facemask,non-binary
9yuawnhu-9ush-6ayh-5shy-9iueg7yh2ian,fake,frontal,facemask,non-binary
78uhgty6-3ygh-8ytf-g7ug-764gty8jut5y,real,frontal,hat,male
78uhgty6-3ygh-8ytf-g7ug-764gty8jut5y,real,frontal,hat,male
78uhgty6-3ygh-8ytf-g7ug-764gty8jut5y,real,profile,none,female
9yuawnhu-9ush-6ayh-5shy-9iueg7yh2ian,fake,frontal,facemask,non-binary
78uhgty6-3ygh-8ytf-g7ug-764gty8jut5y,real,frontal,hat,male
7ythahgt-7yhs-8wus-7tyh-17yhstgy73ia,real,profile,none,female
9yuawnhu-9ush-6ayh-5shy-9iueg7yh2ian,fake,frontal,facemask,non-binary
9yuawnhu-9ush-6ayh-5shy-9iueg7yh2ian,fake,frontal,facemask,non-binary
78uhgty6-3ygh-8ytf-g7ug-764gty8jut5y,fake,frontal,facemask,non-binary
78uhgty6-3ygh-8ytf-g7ug-764gty8jut5y,real,frontal,hat,male
78uhgty6-3ygh-8ytf-g7ug-764gty8jut5y,real,profile,hat,female
78uhgty6-3ygh-8ytf-g7ug-764gty8jut5y,real,frontal,hat,male
7ythahgt-7yhs-8wus-7tyh-17yhstgy73ia,real,profile,none,female
7ythahgt-7yhs-8wus-7tyh-17yhstgy73ia,real,profile,none,female
7ythahgt-7yhs-8wus-7tyh-17yhstgy73ia,real,profile,none,female
9yuawnhu-9ush-6ayh-5shy-9iueg7yh2ian,fake,frontal,facemask,non-binary
9yuawnhu-9ush-6ayh-5shy-9iueg7yh2ian,fake,frontal,facemask,non-binary
9yuawnhu-9ush-6ayh-5shy-9iueg7yh2ian,fake,frontal,facemask,non-binary
9yuawnhu-9ush-6ayh-5shy-9iueg7yh2ian,fake,frontal,facemask,non-binary
9yuawnhu-9ush-6ayh-5shy-9iueg7yh2ian,fake,frontal,facemask,non-binary
78uhgty6-3ygh-8ytf-g7ug-764gty8jut5y,real,frontal,hat,male
78uhgty6-3ygh-8ytf-g7ug-764gty8jut5y,real,frontal,hat,male
9yuawnhu-9ush-6ayh-5shy-9iueg7yh2ian,fake,frontal,facemask,non-binary
78uhgty6-3ygh-8ytf-g7ug-764gty8jut5y,real,frontal,hat,male
9yuawnhu-9ush-6ayh-5shy-9iueg7yh2ian,fake,frontal,facemask,non-binary
7ythahgt-7yhs-8wus-7tyh-17yhstgy73ia,real,profile,none,female
9yuawnhu-9ush-6ayh-5shy-9iueg7yh2ian,real,frontal,facemask,non-binary
9yuawnhu-9ush-6ayh-5shy-9iueg7yh2ian,fake,frontal,facemask,non-binary
9yuawnhu-9ush-6ayh-5shy-9iueg7yh2ian,real,frontal,hat,non-binary
7ythahgt-7yhs-8wus-7tyh-17yhstgy73ia,real,profile,none,female
78uhgty6-3ygh-8ytf-g7ug-764gty8jut5y,real,frontal,hat,male
9yuawnhu-9ush-6ayh-5shy-9iueg7yh2ian,fake,frontal,facemask,non-binary
9yuawnhu-9ush-6ayh-5shy-9iueg7yh2ian,fake,frontal,facemask,non-binary
78uhgty6-3ygh-8ytf-g7ug-764gty8jut5y,real,frontal,hat,male
7ythahgt-7yhs-8wus-7tyh-17yhstgy73ia,real,profile,none,female
9yuawnhu-9ush-6ayh-5shy-9iueg7yh2ian,fake,frontal,facemask,non-binary
78uhgty6-3ygh-8ytf-g7ug-764gty8jut5y,real,frontal,hat,non-binary
7ythahgt-7yhs-8wus-7tyh-17yhstgy73ia,real,profile,none,female
7ythahgt-7yhs-8wus-7tyh-17yhstgy73ia,real,profile,none,female
7ythahgt-7yhs-8wus-7tyh-17yhstgy73ia,real,profile,none,female
7ythahgt-7yhs-8wus-7tyh-17yhstgy73ia,real,profile,none,female
9yuawnhu-9ush-6ayh-5shy-9iueg7yh2ian,fake,frontal,facemask,non-binary
7ythahgt-7yhs-8wus-7tyh-17yhstgy73ia,real,profile,none,female
78uhgty6-3ygh-8ytf-g7ug-764gty8jut5y,real,profile,hat,female
9yuawnhu-9ush-6ayh-5shy-9iueg7yh2ian,fake,frontal,facemask,non-binary
78uhgty6-3ygh-8ytf-g7ug-764gty8jut5y,real,frontal,hat,male
78uhgty6-3ygh-8ytf-g7ug-764gty8jut5y,real,frontal,hat,male
9yuawnhu-9ush-6ayh-5shy-9iueg7yh2ian,fake,frontal,facemask,non-binary
78uhgty6-3ygh-8ytf-g7ug-764gty8jut5y,real,frontal,hat,female
7ythahgt-7yhs-8wus-7tyh-17yhstgy73ia,real,frontal,hat,non-binary
9yuawnhu-9ush-6ayh-5shy-9iueg7yh2ian,fake,frontal,facemask,non-binary
78uhgty6-3ygh-8ytf-g7ug-764gty8jut5y,real,frontal,hat,male
9yuawnhu-9ush-6ayh-5shy-9iueg7yh2ian,fake,frontal,facemask,non-binary
9yuawnhu-9ush-6ayh-5shy-9iueg7yh2ian,fake,frontal,facemask,non-binary
78uhgty6-3ygh-8ytf-g7ug-764gty8jut5y,real,frontal,hat,male
7ythahgt-7yhs-8wus-7tyh-17yhstgy73ia,real,profile,none,female
78uhgty6-3ygh-8ytf-g7ug-764gty8jut5y,real,frontal,hat,male
78uhgty6-3ygh-8ytf-g7ug-764gty8jut5y,real,frontal,hat,male
9yuawnhu-9ush-6ayh-5shy-9iueg7yh2ian,fake,frontal,facemask,non-binary
78uhgty6-3ygh-8ytf-g7ug-764gty8jut5y,real,frontal,hat,male
78uhgty6-3ygh-8ytf-g7ug-764gty8jut5y,real,frontal,hat,male
7ythahgt-7yhs-8wus-7tyh-17yhstgy73ia,real,profile,none,female
9yuawnhu-9ush-6ayh-5shy-9iueg7yh2ian,fake,frontal,facemask,non-binary
7ythahgt-7yhs-8wus-7tyh-17yhstgy73ia,real,profile,none,female
78uhgty6-3ygh-8ytf-g7ug-764gty8jut5y,real,frontal,hat,male
9yuawnhu-9ush-6ayh-5shy-9iueg7yh2ian,fake,frontal,facemask,non-binary
78uhgty6-3ygh-8ytf-g7ug-764gty8jut5y,real,frontal,hat,male
78uhgty6-3ygh-8ytf-g7ug-764gty8jut5y,real,frontal,hat,male
78uhgty6-3ygh-8ytf-g7ug-764gty8jut5y,real,frontal,hat,male
7ythahgt-7yhs-8wus-7tyh-17yhstgy73ia,real,profile,none,female
9yuawnhu-9ush-6ayh-5shy-9iueg7yh2ian,fake,frontal,facemask,non-binary
9yuawnhu-9ush-6ayh-5shy-9iueg7yh2ian,fake,frontal,facemask,non-binary
9yuawnhu-9ush-6ayh-5shy-9iueg7yh2ian,fake,frontal,facemask,non-binary
9yuawnhu-9ush-6ayh-5shy-9iueg7yh2ian,fake,frontal,facemask,non-binary
9yuawnhu-9ush-6ayh-5shy-9iueg7yh2ian,fake,frontal,facemask,non-binary
9yuawnhu-9ush-6ayh-5shy-9iueg7yh2ian,fake,frontal,facemask,non-binary
9yuawnhu-9ush-6ayh-5shy-9iueg7yh2ian,fake,frontal,facemask,non-binary
7ythahgt-7yhs-8wus-7tyh-17yhstgy73ia,real,profile,none,female
7ythahgt-7yhs-8wus-7tyh-17yhstgy73ia,real,profile,none,female
9yuawnhu-9ush-6ayh-5shy-9iueg7yh2ian,fake,frontal,facemask,non-binary
9yuawnhu-9ush-6ayh-5shy-9iueg7yh2ian,fake,frontal,facemask,non-binary
9yuawnhu-9ush-6ayh-5shy-9iueg7yh2ian,fake,frontal,facemask,non-binary
9yuawnhu-9ush-6ayh-5shy-9iueg7yh2ian,fake,frontal,facemask,non-binary
9yuawnhu-9ush-6ayh-5shy-9iueg7yh2ian,fake,frontal,facemask,non-binary
78uhgty6-3ygh-8ytf-g7ug-764gty8jut5y,real,frontal,hat,male
7ythahgt-7yhs-8wus-7tyh-17yhstgy73ia,real,profile,none,female
9yuawnhu-9ush-6ayh-5shy-9iueg7yh2ian,fake,frontal,facemask,non-binary
78uhgty6-3ygh-8ytf-g7ug-764gty8jut5y,real,frontal,hat,male
9yuawnhu-9ush-6ayh-5shy-9iueg7yh2ian,fake,frontal,facemask,non-binary
9yuawnhu-9ush-6ayh-5shy-9iueg7yh2ian,fake,frontal,hat,non-binary
7ythahgt-7yhs-8wus-7tyh-17yhstgy73ia,real,profile,none,female
9yuawnhu-9ush-6ayh-5shy-9iueg7yh2ian,fake,frontal,facemask,non-binary
7ythahgt-7yhs-8wus-7tyh-17yhstgy73ia,real,profile,none,male
9yuawnhu-9ush-6ayh-5shy-9iueg7yh2ian,fake,frontal,hat,non-binary
9yuawnhu-9ush-6ayh-5shy-9iueg7yh2ian,fake,frontal,facemask,non-binary
7ythahgt-7yhs-8wus-7tyh-17yhstgy73ia,real,frontal,none,male
7ythahgt-7yhs-8wus-7tyh-17yhstgy73ia,real,profile,none,female
9yuawnhu-9ush-6ayh-5shy-9iueg7yh2ian,real,frontal,hat,non-binary
9yuawnhu-9ush-6ayh-5shy-9iueg7yh2ian,fake,frontal,facemask,non-binary
9yuawnhu-9ush-6ayh-5shy-9iueg7yh2ian,fake,frontal,facemask,non-binary
78uhgty6-3ygh-8ytf-g7ug-764gty8jut5y,real,frontal,hat,male
9yuawnhu-9ush-6ayh-5shy-9iueg7yh2ian,fake,frontal,facemask,non-binary
9yuawnhu-9ush-6ayh-5shy-9iueg7yh2ian,fake,frontal,facemask,non-binary
7ythahgt-7yhs-8wus-7tyh-17yhstgy73ia,real,profile,none,female
7ythahgt-7yhs-8wus-7tyh-17yhstgy73ia,real,profile,none,male
9yuawnhu-9ush-6ayh-5shy-9iueg7yh2ian,real,frontal,hat,non-binary
78uhgty6-3ygh-8ytf-g7ug-764gty8jut5y,real,frontal,facemask,male
9yuawnhu-9ush-6ayh-5shy-9iueg7yh2ian,fake,frontal,facemask,non-binary
9yuawnhu-9ush-6ayh-5shy-9iueg7yh2ian,fake,frontal,facemask,non-binary
7ythahgt-7yhs-8wus-7tyh-17yhstgy73ia,real,profile,none,female
9yuawnhu-9ush-6ayh-5shy-9iueg7yh2ian,fake,frontal,facemask,non-binary
9yuawnhu-9ush-6ayh-5shy-9iueg7yh2ian,fake,frontal,facemask,non-binary
78uhgty6-3ygh-8ytf-g7ug-764gty8jut5y,real,frontal,hat,male
78uhgty6-3ygh-8ytf-g7ug-764gty8jut5y,real,frontal,hat,male
7ythahgt-7yhs-8wus-7tyh-17yhstgy73ia,real,profile,none,female
78uhgty6-3ygh-8ytf-g7ug-764gty8jut5y,real,frontal,hat,male
9yuawnhu-9ush-6ayh-5shy-9iueg7yh2ian,real,frontal,hat,non-binary
7ythahgt-7yhs-8wus-7tyh-17yhstgy73ia,real,profile,none,female
9yuawnhu-9ush-6ayh-5shy-9iueg7yh2ian,real,frontal,facemask,non-binary
78uhgty6-3ygh-8ytf-g7ug-764gty8jut5y,real,profile,none,female
9yuawnhu-9ush-6ayh-5shy-9iueg7yh2ian,fake,frontal,facemask,non-binary
7ythahgt-7yhs-8wus-7tyh-17yhstgy73ia,real,frontal,hat,male
9yuawnhu-9ush-6ayh-5shy-9iueg7yh2ian,fake,frontal,hat,male
78uhgty6-3ygh-8ytf-g7ug-764gty8jut5y,real,frontal,hat,male
78uhgty6-3ygh-8ytf-g7ug-764gty8jut5y,real,frontal,hat,male
9yuawnhu-9ush-6ayh-5shy-9iueg7yh2ian,fake,frontal,facemask,non-binary
9yuawnhu-9ush-6ayh-5shy-9iueg7yh2ian,fake,frontal,facemask,non-binary
9yuawnhu-9ush-6ayh-5shy-9iueg7yh2ian,fake,frontal,facemask,non-binary
78uhgty6-3ygh-8ytf-g7ug-764gty8jut5y,real,frontal,hat,male
9yuawnhu-9ush-6ayh-5shy-9iueg7yh2ian,fake,frontal,facemask,non-binary
9yuawnhu-9ush-6ayh-5shy-9iueg7yh2ian,fake,frontal,facemask,non-binary
78uhgty6-3ygh-8ytf-g7ug-764gty8jut5y,real,frontal,hat,male
7ythahgt-7yhs-8wus-7tyh-17yhstgy73ia,real,profile,none,female
7ythahgt-7yhs-8wus-7tyh-17yhstgy73ia,real,profile,none,female
7ythahgt-7yhs-8wus-7tyh-17yhstgy73ia,real,profile,none,female
9yuawnhu-9ush-6ayh-5shy-9iueg7yh2ian,fake,frontal,facemask,non-binary
7ythahgt-7yhs-8wus-7tyh-17yhstgy73ia,real,profile,none,female
7ythahgt-7yhs-8wus-7tyh-17yhstgy73ia,real,profile,none,female
9yuawnhu-9ush-6ayh-5shy-9iueg7yh2ian,fake,frontal,facemask,non-binary
78uhgty6-3ygh-8ytf-g7ug-764gty8jut5y,real,frontal,hat,male
7ythahgt-7yhs-8wus-7tyh-17yhstgy73ia,real,profile,none,female
7ythahgt-7yhs-8wus-7tyh-17yhstgy73ia,real,profile,none,female
9yuawnhu-9ush-6ayh-5shy-9iueg7yh2ian,fake,frontal,facemask,non-binary
78uhgty6-3ygh-8ytf-g7ug-764gty8jut5y,real,frontal,hat,male
78uhgty6-3ygh-8ytf-g7ug-764gty8jut5y,real,profile,hat,male
7ythahgt-7yhs-8wus-7tyh-17yhstgy73ia,real,profile,none,female
7ythahgt-7yhs-8wus-7tyh-17yhstgy73ia,real,profile,none,female
7ythahgt-7yhs-8wus-7tyh-17yhstgy73ia,real,profile,hat,female
9yuawnhu-9ush-6ayh-5shy-9iueg7yh2ian,fake,frontal,facemask,non-binary
7ythahgt-7yhs-8wus-7tyh-17yhstgy73ia,real,profile,none,female
7ythahgt-7yhs-8wus-7tyh-17yhstgy73ia,real,profile,none,female
78uhgty6-3ygh-8ytf-g7ug-764gty8jut5y,real,frontal,hat,male
7ythahgt-7yhs-8wus-7tyh-17yhstgy73ia,real,profile,none,female
78uhgty6-3ygh-8ytf-g7ug-764gty8jut5y,real,frontal,hat,male
7ythahgt-7yhs-8wus-7tyh-17yhstgy73ia,real,frontal,hat,male
78uhgty6-3ygh-8ytf-g7ug-764gty8jut5y,fake,frontal,hat,male
9yuawnhu-9ush-6ayh-5shy-9iueg7yh2ian,fake,frontal,facemask,non-binary
78uhgty6-3ygh-8ytf-g7ug-764gty8jut5y,real,frontal,hat,male
7ythahgt-7yhs-8wus-7tyh-17yhstgy73ia,real,profile,none,female
7ythahgt-7yhs-8wus-7tyh-17yhstgy73ia,real,profile,none,female
78uhgty6-3ygh-8ytf-g7ug-764gty8jut5y,real,frontal,hat,male
9yuawnhu-9ush-6ayh-5shy-9iueg7yh2ian,fake,frontal,facemask,non-binary
9yuawnhu-9ush-6ayh-5shy-9iueg7yh2ian,real,frontal,facemask,female
7ythahgt-7yhs-8wus-7tyh-17yhstgy73ia,real,profile,none,female
7ythahgt-7yhs-8wus-7tyh-17yhstgy73ia,real,profile,none,female
9yuawnhu-9ush-6ayh-5shy-9iueg7yh2ian,fake,frontal,facemask,non-binary
9yuawnhu-9ush-6ayh-5shy-9iueg7yh2ian,fake,frontal,facemask,non-binary
7ythahgt-7yhs-8wus-7tyh-17yhstgy73ia,real,profile,none,female
9yuawnhu-9ush-6ayh-5shy-9iueg7yh2ian,fake,frontal,facemask,non-binary
7ythahgt-7yhs-8wus-7tyh-17yhstgy73ia,real,profile,none,female
9yuawnhu-9ush-6ayh-5shy-9iueg7yh2ian,fake,frontal,facemask,non-binary
7ythahgt-7yhs-8wus-7tyh-17yhstgy73ia,real,profile,none,female
9yuawnhu-9ush-6ayh-5shy-9iueg7yh2ian,fake,frontal,facemask,non-binary
7ythahgt-7yhs-8wus-7tyh-17yhstgy73ia,real,profile,none,female
78uhgty6-3ygh-8ytf-g7ug-764gty8jut5y,real,frontal,hat,male
7ythahgt-7yhs-8wus-7tyh-17yhstgy73ia,real,profile,none,female
9yuawnhu-9ush-6ayh-5shy-9iueg7yh2ian,fake,frontal,facemask,non-binary
9yuawnhu-9ush-6ayh-5shy-9iueg7yh2ian,fake,frontal,facemask,non-binary
78uhgty6-3ygh-8ytf-g7ug-764gty8jut5y,real,frontal,hat,male
7ythahgt-7yhs-8wus-7tyh-17yhstgy73ia,real,profile,none,female
7ythahgt-7yhs-8wus-7tyh-17yhstgy73ia,real,profile,none,female
9yuawnhu-9ush-6ayh-5shy-9iueg7yh2ian,fake,frontal,facemask,non-binary
78uhgty6-3ygh-8ytf-g7ug-764gty8jut5y,fake,frontal,hat,non-binary
7ythahgt-7yhs-8wus-7tyh-17yhstgy73ia,real,profile,none,female
7ythahgt-7yhs-8wus-7tyh-17yhstgy73ia,real,profile,none,female
9yuawnhu-9ush-6ayh-5shy-9iueg7yh2ian,fake,frontal,facemask,male
7ythahgt-7yhs-8wus-7tyh-17yhstgy73ia,real,profile,none,female
7ythahgt-7yhs-8wus-7tyh-17yhstgy73ia,real,profile,none,female
9yuawnhu-9ush-6ayh-5shy-9iueg7yh2ian,fake,frontal,facemask,non-binary
78uhgty6-3ygh-8ytf-g7ug-764gty8jut5y,real,frontal,hat,male
78uhgty6-3ygh-8ytf-g7ug-764gty8jut5y,real,frontal,hat,male
78uhgty6-3ygh-8ytf-g7ug-764gty8jut5y,real,frontal,hat,male
78uhgty6-3ygh-8ytf-g7ug-764gty8jut5y,real,frontal,hat,male
7ythahgt-7yhs-8wus-7tyh-17yhstgy73ia,real,profile,none,female
9yuawnhu-9ush-6ayh-5shy-9iueg7yh2ian,fake,frontal,facemask,non-binary
9yuawnhu-9ush-6ayh-5shy-9iueg7yh2ian,fake,frontal,facemask,non-binary
7ythahgt-7yhs-8wus-7tyh-17yhstgy73ia,real,profile,none,non-binary
78uhgty6-3ygh-8ytf-g7ug-764gty8jut5y,real,frontal,hat,male
9yuawnhu-9ush-6ayh-5shy-9iueg7yh2ian,fake,frontal,facemask,non-binary
7ythahgt-7yhs-8wus-7tyh-17yhstgy73ia,real,profile,none,female
78uhgty6-3ygh-8ytf-g7ug-764gty8jut5y,real,frontal,hat,male
9yuawnhu-9ush-6ayh-5shy-9iueg7yh2ian,fake,frontal,facemask,non-binary
78uhgty6-3ygh-8ytf-g7ug-764gty8jut5y,real,frontal,facemask,male
78uhgty6-3ygh-8ytf-g7ug-764gty8jut5y,real,frontal,hat,male
78uhgty6-3ygh-8ytf-g7ug-764gty8jut5y,real,frontal,hat,female
9yuawnhu-9ush-6ayh-5shy-9iueg7yh2ian,fake,frontal,facemask,non-binary
7ythahgt-7yhs-8wus-7tyh-17yhstgy73ia,real,profile,none,female
9yuawnhu-9ush-6ayh-5shy-9iueg7yh2ian,fake,frontal,facemask,non-binary
78uhgty6-3ygh-8ytf-g7ug-764gty8jut5y,real,frontal,hat,male
7ythahgt-7yhs-8wus-7tyh-17yhstgy73ia,real,profile,none,female
7ythahgt-7yhs-8wus-7tyh-17yhstgy73ia,real,frontal,hat,male
9yuawnhu-9ush-6ayh-5shy-9iueg7yh2ian,fake,frontal,facemask,male
7ythahgt-7yhs-8wus-7tyh-17yhstgy73ia,real,profile,none,female
9yuawnhu-9ush-6ayh-5shy-9iueg7yh2ian,fake,frontal,facemask,non-binary
9yuawnhu-9ush-6ayh-5shy-9iueg7yh2ian,fake,frontal,facemask,non-binary
9yuawnhu-9ush-6ayh-5shy-9iueg7yh2ian,fake,frontal,facemask,non-binary
78uhgty6-3ygh-8ytf-g7ug-764gty8jut5y,real,frontal,hat,male
78uhgty6-3ygh-8ytf-g7ug-764gty8jut5y,real,frontal,hat,male
78uhgty6-3ygh-8ytf-g7ug-764gty8jut5y,real,frontal,hat,male
9yuawnhu-9ush-6ayh-5shy-9iueg7yh2ian,fake,frontal,facemask,non-binary
78uhgty6-3ygh-8ytf-g7ug-764gty8jut5y,real,frontal,hat,female
78uhgty6-3ygh-8ytf-g7ug-764gty8jut5y,real,frontal,hat,male
9yuawnhu-9ush-6ayh-5shy-9iueg7yh2ian,fake,frontal,facemask,non-binary
9yuawnhu-9ush-6ayh-5shy-9iueg7yh2ian,fake,frontal,facemask,non-binary
9yuawnhu-9ush-6ayh-5shy-9iueg7yh2ian,fake,frontal,facemask,non-binary
7ythahgt-7yhs-8wus-7tyh-17yhstgy73ia,real,profile,none,female
78uhgty6-3ygh-8ytf-g7ug-764gty8jut5y,real,frontal,hat,male
78uhgty6-3ygh-8ytf-g7ug-764gty8jut5y,real,frontal,hat,male
78uhgty6-3ygh-8ytf-g7ug-764gty8jut5y,real,profile,hat,male
9yuawnhu-9ush-6ayh-5shy-9iueg7yh2ian,fake,frontal,facemask,non-binary
9yuawnhu-9ush-6ayh-5shy-9iueg7yh2ian,real,frontal,hat,female
7ythahgt-7yhs-8wus-7tyh-17yhstgy73ia,real,profile,none,female
9yuawnhu-9ush-6ayh-5shy-9iueg7yh2ian,fake,frontal,facemask,non-binary
78uhgty6-3ygh-8ytf-g7ug-764gty8jut5y,real,frontal,hat,male
9yuawnhu-9ush-6ayh-5shy-9iueg7yh2ian,fake,frontal,facemask,non-binary
9yuawnhu-9ush-6ayh-5shy-9iueg7yh2ian,real,frontal,facemask,non-binary
7ythahgt-7yhs-8wus-7tyh-17yhstgy73ia,real,profile,none,non-binary
78uhgty6-3ygh-8ytf-g7ug-764gty8jut5y,real,frontal,none,female
7ythahgt-7yhs-8wus-7tyh-17yhstgy73ia,real,profile,none,female
78uhgty6-3ygh-8ytf-g7ug-764gty8jut5y,real,frontal,hat,male
7ythahgt-7yhs-8wus-7tyh-17yhstgy73ia,real,profile,none,female
7ythahgt-7yhs-8wus-7tyh-17yhstgy73ia,real,profile,none,female
7ythahgt-7yhs-8wus-7tyh-17yhstgy73ia,real,profile,none,female
7ythahgt-7yhs-8wus-7tyh-17yhstgy73ia,real,profile,hat,male
7ythahgt-7yhs-8wus-7tyh-17yhstgy73ia,real,profile,none,female
9yuawnhu-9ush-6ayh-5shy-9iueg7yh2ian,fake,frontal,facemask,non-binary
9yuawnhu-9ush-6ayh-5shy-9iueg7yh2ian,fake,frontal,facemask,non-binary
9yuawnhu-9ush-6ayh-5shy-9iueg7yh2ian,fake,frontal,facemask,non-binary
9yuawnhu-9ush-6ayh-5shy-9iueg7yh2ian,fake,frontal,facemask,non-binary
9yuawnhu-9ush-6ayh-5shy-9iueg7yh2ian,fake,frontal,facemask,non-binary
78uhgty6-3ygh-8ytf-g7ug-764gty8jut5y,real,frontal,hat,non-binary
7ythahgt-7yhs-8wus-7tyh-17yhstgy73ia,real,profile,none,female
9yuawnhu-9ush-6ayh-5shy-9iueg7yh2ian,fake,frontal,facemask,non-binary
78uhgty6-3ygh-8ytf-g7ug-764gty8jut5y,real,frontal,hat,male
78uhgty6-3ygh-8ytf-g7ug-764gty8jut5y,real,frontal,hat,male
9yuawnhu-9ush-6ayh-5shy-9iueg7yh2ian,fake,frontal,facemask,non-binary
78uhgty6-3ygh-8ytf-g7ug-764gty8jut5y,real,frontal,hat,male
9yuawnhu-9ush-6ayh-5shy-9iueg7yh2ian,fake,frontal,facemask,non-binary
78uhgty6-3ygh-8ytf-g7ug-764gty8jut5y,real,frontal,hat,male
78uhgty6-3ygh-8ytf-g7ug-764gty8jut5y,real,frontal,hat,male
78uhgty6-3ygh-8ytf-g7ug-764gty8jut5y,real,frontal,hat,male
9yuawnhu-9ush-6ayh-5shy-9iueg7yh2ian,fake,frontal,facemask,non-binary
7ythahgt-7yhs-8wus-7tyh-17yhstgy73ia,real,profile,none,female
7ythahgt-7yhs-8wus-7tyh-17yhstgy73ia,real,profile,none,female
7ythahgt-7yhs-8wus-7tyh-17yhstgy73ia,real,profile,none,female
9yuawnhu-9ush-6ayh-5shy-9iueg7yh2ian,fake,frontal,facemask,non-binary
7ythahgt-7yhs-8wus-7tyh-17yhstgy73ia,real,frontal,facemask,female
9yuawnhu-9ush-6ayh-5shy-9iueg7yh2ian,fake,frontal,facemask,non-binary
7ythahgt-7yhs-8wus-7tyh-17yhstgy73ia,real,profile,none,female
7ythahgt-7yhs-8wus-7tyh-17yhstgy73ia,real,profile,none,female
78uhgty6-3ygh-8ytf-g7ug-764gty8jut5y,real,frontal,none,female
7ythahgt-7yhs-8wus-7tyh-17yhstgy73ia,real,profile,none,female
78uhgty6-3ygh-8ytf-g7ug-764gty8jut5y,fake,frontal,facemask,non-binary
7ythahgt-7yhs-8wus-7tyh-17yhstgy73ia,real,profile,none,female
9yuawnhu-9ush-6ayh-5shy-9iueg7yh2ian,fake,frontal,facemask,non-binary
9yuawnhu-9ush-6ayh-5shy-9iueg7yh2ian,fake,frontal,facemask,non-binary
78uhgty6-3ygh-8ytf-g7ug-764gty8jut5y,real,frontal,hat,male
7ythahgt-7yhs-8wus-7tyh-17yhstgy73ia,real,profile,none,female
7ythahgt-7yhs-8wus-7tyh-17yhstgy73ia,real,profile,none,female
78uhgty6-3ygh-8ytf-g7ug-764gty8jut5y,real,frontal,hat,male
9yuawnhu-9ush-6ayh-5shy-9iueg7yh2ian,fake,frontal,facemask,non-binary
9yuawnhu-9ush-6ayh-5shy-9iueg7yh2ian,fake,frontal,facemask,non-binary
9yuawnhu-9ush-6ayh-5shy-9iueg7yh2ian,fake,frontal,facemask,non-binary
7ythahgt-7yhs-8wus-7tyh-17yhstgy73ia,real,profile,hat,male
9yuawnhu-9ush-6ayh-5shy-9iueg7yh2ian,fake,frontal,facemask,non-binary
9yuawnhu-9ush-6ayh-5shy-9iueg7yh2ian,fake,frontal,facemask,non-binary
7ythahgt-7yhs-8wus-7tyh-17yhstgy73ia,real,profile,none,female
7ythahgt-7yhs-8wus-7tyh-17yhstgy73ia,real,frontal,hat,male
78uhgty6-3ygh-8ytf-g7ug-764gty8jut5y,real,frontal,hat,male
78uhgty6-3ygh-8ytf-g7ug-764gty8jut5y,real,frontal,hat,male
7ythahgt-7yhs-8wus-7tyh-17yhstgy73ia,real,profile,none,female
7ythahgt-7yhs-8wus-7tyh-17yhstgy73ia,real,profile,none,male
7ythahgt-7yhs-8wus-7tyh-17yhstgy73ia,real,profile,none,female
7ythahgt-7yhs-8wus-7tyh-17yhstgy73ia,real,profile,none,female
9yuawnhu-9ush-6ayh-5shy-9iueg7yh2ian,fake,frontal,facemask,non-binary
9yuawnhu-9ush-6ayh-5shy-9iueg7yh2ian,fake,frontal,facemask,non-binary
9yuawnhu-9ush-6ayh-5shy-9iueg7yh2ian,fake,frontal,facemask,female
78uhgty6-3ygh-8ytf-g7ug-764gty8jut5y,real,frontal,hat,male
7ythahgt-7yhs-8wus-7tyh-17yhstgy73ia,real,profile,none,female
7ythahgt-7yhs-8wus-7tyh-17yhstgy73ia,real,profile,none,female
7ythahgt-7yhs-8wus-7tyh-17yhstgy73ia,real,profile,none,female
7ythahgt-7yhs-8wus-7tyh-17yhstgy73ia,real,profile,none,female
9yuawnhu-9ush-6ayh-5shy-9iueg7yh2ian,fake,frontal,facemask,non-binary
7ythahgt-7yhs-8wus-7tyh-17yhstgy73ia,real,profile,hat,female
78uhgty6-3ygh-8ytf-g7ug-764gty8jut5y,real,profile,none,female
9yuawnhu-9ush-6ayh-5shy-9iueg7yh2ian,fake,frontal,facemask,non-binary
9yuawnhu-9ush-6ayh-5shy-9iueg7yh2ian,fake,frontal,facemask,non-binary
78uhgty6-3ygh-8ytf-g7ug-764gty8jut5y,real,frontal,hat,male
9yuawnhu-9ush-6ayh-5shy-9iueg7yh2ian,fake,frontal,facemask,non-binary
7ythahgt-7yhs-8wus-7tyh-17yhstgy73ia,real,profile,none,female
78uhgty6-3ygh-8ytf-g7ug-764gty8jut5y,real,frontal,hat,male
7ythahgt-7yhs-8wus-7tyh-17yhstgy73ia,real,profile,none,female
7ythahgt-7yhs-8wus-7tyh-17yhstgy73ia,real,profile,none,female
9yuawnhu-9ush-6ayh-5shy-9iueg7yh2ian,fake,frontal,facemask,non-binary
9yuawnhu-9ush-6ayh-5shy-9iueg7yh2ian,fake,frontal,facemask,non-binary
7ythahgt-7yhs-8wus-7tyh-17yhstgy73ia,real,profile,none,female
7ythahgt-7yhs-8wus-7tyh-17yhstgy73ia,real,profile,none,female
7ythahgt-7yhs-8wus-7tyh-17yhstgy73ia,real,profile,none,female
78uhgty6-3ygh-8ytf-g7ug-764gty8jut5y,real,frontal,hat,male
78uhgty6-3ygh-8ytf-g7ug-764gty8jut5y,real,frontal,hat,male
7ythahgt-7yhs-8wus-7tyh-17yhstgy73ia,real,profile,none,female
9yuawnhu-9ush-6ayh-5shy-9iueg7yh2ian,fake,frontal,facemask,non-binary
9yuawnhu-9ush-6ayh-5shy-9iueg7yh2ian,fake,frontal,facemask,non-binary
9yuawnhu-9ush-6ayh-5shy-9iueg7yh2ian,fake,frontal,facemask,non-binary
7ythahgt-7yhs-8wus-7tyh-17yhstgy73ia,real,profile,none,female
7ythahgt-7yhs-8wus-7tyh-17yhstgy73ia,real,profile,none,female
9yuawnhu-9ush-6ayh-5shy-9iueg7yh2ian,fake,frontal,facemask,non-binary
7ythahgt-7yhs-8wus-7tyh-17yhstgy73ia,real,profile,none,female
7ythahgt-7yhs-8wus-7tyh-17yhstgy73ia,real,profile,none,female
7ythahgt-7yhs-8wus-7tyh-17yhstgy73ia,real,profile,none,female
7ythahgt-7yhs-8wus-7tyh-17yhstgy73ia,real,frontal,hat,female
9yuawnhu-9ush-6ayh-5shy-9iueg7yh2ian,fake,frontal,facemask,non-binary
78uhgty6-3ygh-8ytf-g7ug-764gty8jut5y,real,frontal,hat,male
9yuawnhu-9ush-6ayh-5shy-9iueg7yh2ian,fake,frontal,facemask,non-binary
9yuawnhu-9ush-6ayh-5shy-9iueg7yh2ian,real,frontal,facemask,non-binary
7ythahgt-7yhs-8wus-7tyh-17yhstgy73ia,real,profile,none,female
9yuawnhu-9ush-6ayh-5shy-9iueg7yh2ian,fake,frontal,facemask,non-binary
9yuawnhu-9ush-6ayh-5shy-9iueg7yh2ian,fake,frontal,facemask,non-binary
7ythahgt-7yhs-8wus-7tyh-17yhstgy73ia,real,profile,none,female
7ythahgt-7yhs-8wus-7tyh-17yhstgy73ia,real,profile,none,female
9yuawnhu-9ush-6ayh-5shy-9iueg7yh2ian,fake,frontal,facemask,non-binary
78uhgty6-3ygh-8ytf-g7ug-764gty8jut5y,real,frontal,hat,male
7ythahgt-7yhs-8wus-7tyh-17yhstgy73ia,real,profile,none,female
78uhgty6-3ygh-8ytf-g7ug-764gty8jut5y,real,frontal,hat,male
7ythahgt-7yhs-8wus-7tyh-17yhstgy73ia,real,profile,none,female
7ythahgt-7yhs-8wus-7tyh-17yhstgy73ia,real,profile,none,female
7ythahgt-7yhs-8wus-7tyh-17yhstgy73ia,real,profile,none,female
7ythahgt-7yhs-8wus-7tyh-17yhstgy73ia,real,profile,none,female
78uhgty6-3ygh-8ytf-g7ug-764gty8jut5y,real,frontal,hat,male
78uhgty6-3ygh-8ytf-g7ug-764gty8jut5y,real,frontal,hat,male
78uhgty6-3ygh-8ytf-g7ug-764gty8jut5y,fake,frontal,hat,male
78uhgty6-3ygh-8ytf-g7ug-764gty8jut5y,real,frontal,none,female
7ythahgt-7yhs-8wus-7tyh-17yhstgy73ia,real,profile,none,female
7ythahgt-7yhs-8wus-7tyh-17yhstgy73ia,real,profile,none,female
9yuawnhu-9ush-6ayh-5shy-9iueg7yh2ian,fake,frontal,facemask,non-binary
7ythahgt-7yhs-8wus-7tyh-17yhstgy73ia,real,profile,none,female
9yuawnhu-9ush-6ayh-5shy-9iueg7yh2ian,fake,frontal,facemask,non-binary
78uhgty6-3ygh-8ytf-g7ug-764gty8jut5y,real,frontal,none,male
9yuawnhu-9ush-6ayh-5shy-9iueg7yh2ian,fake,frontal,facemask,non-binary
78uhgty6-3ygh-8ytf-g7ug-764gty8jut5y,real,frontal,hat,male
9yuawnhu-9ush-6ayh-5shy-9iueg7yh2ian,fake,frontal,facemask,non-binary
78uhgty6-3ygh-8ytf-g7ug-764gty8jut5y,real,frontal,hat,male
9yuawnhu-9ush-6ayh-5shy-9iueg7yh2ian,fake,frontal,facemask,non-binary
7ythahgt-7yhs-8wus-7tyh-17yhstgy73ia,real,profile,none,female
78uhgty6-3ygh-8ytf-g7ug-764gty8jut5y,real,profile,none,female
9yuawnhu-9ush-6ayh-5shy-9iueg7yh2ian,fake,frontal,facemask,female
78uhgty6-3ygh-8ytf-g7ug-764gty8jut5y,real,frontal,hat,male
78uhgty6-3ygh-8ytf-g7ug-764gty8jut5y,real,frontal,hat,male
7ythahgt-7yhs-8wus-7tyh-17yhstgy73ia,real,profile,none,female
7ythahgt-7yhs-8wus-7tyh-17yhstgy73ia,real,profile,none,female
78uhgty6-3ygh-8ytf-g7ug-764gty8jut5y,real,frontal,hat,male
9yuawnhu-9ush-6ayh-5shy-9iueg7yh2ian,fake,frontal,facemask,non-binary
9yuawnhu-9ush-6ayh-5shy-9iueg7yh2ian,fake,frontal,facemask,non-binary
78uhgty6-3ygh-8ytf-g7ug-764gty8jut5y,real,frontal,hat,male
9yuawnhu-9ush-6ayh-5shy-9iueg7yh2ian,fake,frontal,facemask,non-binary
7ythahgt-7yhs-8wus-7tyh-17yhstgy73ia,real,profile,none,female
9yuawnhu-9ush-6ayh-5shy-9iueg7yh2ian,fake,frontal,facemask,non-binary
9yuawnhu-9ush-6ayh-5shy-9iueg7yh2ian,fake,frontal,facemask,non-binary
9yuawnhu-9ush-6ayh-5shy-9iueg7yh2ian,fake,frontal,facemask,non-binary
9yuawnhu-9ush-6ayh-5shy-9iueg7yh2ian,fake,frontal,facemask,non-binary
7ythahgt-7yhs-8wus-7tyh-17yhstgy73ia,real,profile,none,female
7ythahgt-7yhs-8wus-7tyh-17yhstgy73ia,real,profile,none,female
78uhgty6-3ygh-8ytf-g7ug-764gty8jut5y,real,frontal,hat,female
78uhgty6-3ygh-8ytf-g7ug-764gty8jut5y,real,frontal,hat,male
7ythahgt-7yhs-8wus-7tyh-17yhstgy73ia,real,profile,none,female
9yuawnhu-9ush-6ayh-5shy-9iueg7yh2ian,fake,frontal,facemask,non-binary
78uhgty6-3ygh-8ytf-g7ug-764gty8jut5y,real,frontal,hat,male
9yuawnhu-9ush-6ayh-5shy-9iueg7yh2ian,fake,frontal,facemask,non-binary
7ythahgt-7yhs-8wus-7tyh-17yhstgy73ia,real,profile,none,female
78uhgty6-3ygh-8ytf-g7ug-764gty8jut5y,real,frontal,hat,male
78uhgty6-3ygh-8ytf-g7ug-764gty8jut5y,real,frontal,hat,male
9yuawnhu-9ush-6ayh-5shy-9iueg7yh2ian,fake,frontal,facemask,non-binary
9yuawnhu-9ush-6ayh-5shy-9iueg7yh2ian,fake,frontal,facemask,non-binary
78uhgty6-3ygh-8ytf-g7ug-764gty8jut5y,real,frontal,hat,male
78uhgty6-3ygh-8ytf-g7ug-764gty8jut5y,real,frontal,hat,male
78uhgty6-3ygh-8ytf-g7ug-764gty8jut5y,real,frontal,hat,male
9yuawnhu-9ush-6ayh-5shy-9iueg7yh2ian,fake,frontal,facemask,non-binary
7ythahgt-7yhs-8wus-7tyh-17yhstgy73ia,real,profile,none,female
9yuawnhu-9ush-6ayh-5shy-9iueg7yh2ian,fake,frontal,facemask,non-binary
7ythahgt-7yhs-8wus-7tyh-17yhstgy73ia,real,profile,none,female
9yuawnhu-9ush-6ayh-5shy-9iueg7yh2ian,fake,frontal,facemask,non-binary
78uhgty6-3ygh-8ytf-g7ug-764gty8jut5y,real,frontal,hat,female
78uhgty6-3ygh-8ytf-g7ug-764gty8jut5y,real,frontal,hat,male
9yuawnhu-9ush-6ayh-5shy-9iueg7yh2ian,fake,frontal,facemask,non-binary
78uhgty6-3ygh-8ytf-g7ug-764gty8jut5y,real,frontal,hat,male
9yuawnhu-9ush-6ayh-5shy-9iueg7yh2ian,fake,frontal,facemask,non-binary
9yuawnhu-9ush-6ayh-5shy-9iueg7yh2ian,fake,frontal,facemask,non-binary
9yuawnhu-9ush-6ayh-5shy-9iueg7yh2ian,fake,frontal,facemask,non-binary
9yuawnhu-9ush-6ayh-5shy-9iueg7yh2ian,fake,frontal,facemask,non-binary
7ythahgt-7yhs-8wus-7tyh-17yhstgy73ia,real,profile,none,female
7ythahgt-7yhs-8wus-7tyh-17yhstgy73ia,real,profile,none,female
78uhgty6-3ygh-8ytf-g7ug-764gty8jut5y,real,frontal,hat,male
9yuawnhu-9ush-6ayh-5shy-9iueg7yh2ian,fake,frontal,facemask,non-binary
7ythahgt-7yhs-8wus-7tyh-17yhstgy73ia,real,profile,none,female
78uhgty6-3ygh-8ytf-g7ug-764gty8jut5y,real,frontal,hat,male
9yuawnhu-9ush-6ayh-5shy-9iueg7yh2ian,fake,frontal,facemask,non-binary
9yuawnhu-9ush-6ayh-5shy-9iueg7yh2ian,fake,frontal,facemask,non-binary
78uhgty6-3ygh-8ytf-g7ug-764gty8jut5y,real,frontal,facemask,non-binary
7ythahgt-7yhs-8wus-7tyh-17yhstgy73ia,real,profile,none,female
9yuawnhu-9ush-6ayh-5shy-9iueg7yh2ian,fake,frontal,facemask,non-binary
7ythahgt-7yhs-8wus-7tyh-17yhstgy73ia,real,profile,none,female
78uhgty6-3ygh-8ytf-g7ug-764gty8jut5y,real,frontal,hat,male
78uhgty6-3ygh-8ytf-g7ug-764gty8jut5y,real,frontal,hat,male
78uhgty6-3ygh-8ytf-g7ug-764gty8jut5y,real,frontal,hat,male
9yuawnhu-9ush-6ayh-5shy-9iueg7yh2ian,fake,frontal,facemask,non-binary
78uhgty6-3ygh-8ytf-g7ug-764gty8jut5y,real,frontal,hat,female
7ythahgt-7yhs-8wus-7tyh-17yhstgy73ia,real,profile,none,female
78uhgty6-3ygh-8ytf-g7ug-764gty8jut5y,real,frontal,hat,male
7ythahgt-7yhs-8wus-7tyh-17yhstgy73ia,real,profile,none,female
7ythahgt-7yhs-8wus-7tyh-17yhstgy73ia,real,profile,none,female
78uhgty6-3ygh-8ytf-g7ug-764gty8jut5y,real,frontal,hat,male
78uhgty6-3ygh-8ytf-g7ug-764gty8jut5y,real,frontal,hat,male
78uhgty6-3ygh-8ytf-g7ug-764gty8jut5y,real,frontal,hat,male
9yuawnhu-9ush-6ayh-5shy-9iueg7yh2ian,fake,frontal,facemask,non-binary
9yuawnhu-9ush-6ayh-5shy-9iueg7yh2ian,fake,frontal,facemask,non-binary
9yuawnhu-9ush-6ayh-5shy-9iueg7yh2ian,fake,frontal,facemask,non-binary
78uhgty6-3ygh-8ytf-g7ug-764gty8jut5y,real,frontal,hat,non-binary
7ythahgt-7yhs-8wus-7tyh-17yhstgy73ia,real,profile,none,female
78uhgty6-3ygh-8ytf-g7ug-764gty8jut5y,real,frontal,hat,male
9yuawnhu-9ush-6ayh-5shy-9iueg7yh2ian,fake,frontal,facemask,non-binary
9yuawnhu-9ush-6ayh-5shy-9iueg7yh2ian,fake,frontal,facemask,non-binary
9yuawnhu-9ush-6ayh-5shy-9iueg7yh2ian,fake,frontal,facemask,non-binary
78uhgty6-3ygh-8ytf-g7ug-764gty8jut5y,real,frontal,hat,male
7ythahgt-7yhs-8wus-7tyh-17yhstgy73ia,real,profile,none,female
7ythahgt-7yhs-8wus-7tyh-17yhstgy73ia,real,profile,none,female
9yuawnhu-9ush-6ayh-5shy-9iueg7yh2ian,fake,frontal,facemask,non-binary
9yuawnhu-9ush-6ayh-5shy-9iueg7yh2ian,fake,frontal,facemask,non-binary
9yuawnhu-9ush-6ayh-5shy-9iueg7yh2ian,fake,frontal,facemask,non-binary
78uhgty6-3ygh-8ytf-g7ug-764gty8jut5y,real,frontal,none,male
7ythahgt-7yhs-8wus-7tyh-17yhstgy73ia,real,profile,none,female
78uhgty6-3ygh-8ytf-g7ug-764gty8jut5y,real,frontal,hat,male
78uhgty6-3ygh-8ytf-g7ug-764gty8jut5y,real,frontal,hat,male
7ythahgt-7yhs-8wus-7tyh-17yhstgy73ia,real,profile,none,female
9yuawnhu-9ush-6ayh-5shy-9iueg7yh2ian,fake,frontal,facemask,non-binary
9yuawnhu-9ush-6ayh-5shy-9iueg7yh2ian,fake,frontal,facemask,non-binary
9yuawnhu-9ush-6ayh-5shy-9iueg7yh2ian,fake,frontal,facemask,non-binary
7ythahgt-7yhs-8wus-7tyh-17yhstgy73ia,real,profile,none,female
9yuawnhu-9ush-6ayh-5shy-9iueg7yh2ian,fake,frontal,facemask,non-binary
78uhgty6-3ygh-8ytf-g7ug-764gty8jut5y,real,frontal,hat,male
78uhgty6-3ygh-8ytf-g7ug-764gty8jut5y,real,frontal,hat,male
9yuawnhu-9ush-6ayh-5shy-9iueg7yh2ian,fake,frontal,facemask,non-binary
9yuawnhu-9ush-6ayh-5shy-9iueg7yh2ian,fake,frontal,facemask,non-binary
7ythahgt-7yhs-8wus-7tyh-17yhstgy73ia,real,profile,none,female
9yuawnhu-9ush-6ayh-5shy-9iueg7yh2ian,fake,frontal,facemask,non-binary
78uhgty6-3ygh-8ytf-g7ug-764gty8jut5y,real,frontal,facemask,non-binary
78uhgty6-3ygh-8ytf-g7ug-764gty8jut5y,real,frontal,hat,male
7ythahgt-7yhs-8wus-7tyh-17yhstgy73ia,real,frontal,none,female
9yuawnhu-9ush-6ayh-5shy-9iueg7yh2ian,fake,frontal,facemask,non-binary
7ythahgt-7yhs-8wus-7tyh-17yhstgy73ia,real,profile,none,female
78uhgty6-3ygh-8ytf-g7ug-764gty8jut5y,real,frontal,hat,male
7ythahgt-7yhs-8wus-7tyh-17yhstgy73ia,real,profile,none,female
78uhgty6-3ygh-8ytf-g7ug-764gty8jut5y,real,frontal,hat,male
7ythahgt-7yhs-8wus-7tyh-17yhstgy73ia,real,profile,hat,male
7ythahgt-7yhs-8wus-7tyh-17yhstgy73ia,real,profile,none,female
9yuawnhu-9ush-6ayh-5shy-9iueg7yh2ian,fake,frontal,facemask,non-binary
78uhgty6-3ygh-8ytf-g7ug-764gty8jut5y,real,frontal,hat,male
7ythahgt-7yhs-8wus-7tyh-17yhstgy73ia,real,frontal,hat,female
7ythahgt-7yhs-8wus-7tyh-17yhstgy73ia,real,profile,none,female
7ythahgt-7yhs-8wus-7tyh-17yhstgy73ia,real,profile,none,female
7ythahgt-7yhs-8wus-7tyh-17yhstgy73ia,real,profile,none,male
78uhgty6-3ygh-8ytf-g7ug-764gty8jut5y,real,frontal,hat,male
9yuawnhu-9ush-6ayh-5shy-9iueg7yh2ian,fake,frontal,facemask,non-binary
9yuawnhu-9ush-6ayh-5shy-9iueg7yh2ian,fake,frontal,facemask,non-binary
7ythahgt-7yhs-8wus-7tyh-17yhstgy73ia,real,profile,none,female
7ythahgt-7yhs-8wus-7tyh-17yhstgy73ia,real,profile,none,female
78uhgty6-3ygh-8ytf-g7ug-764gty8jut5y,real,frontal,hat,male
9yuawnhu-9ush-6ayh-5shy-9iueg7yh2ian,fake,frontal,facemask,non-binary
78uhgty6-3ygh-8ytf-g7ug-764gty8jut5y,real,frontal,hat,male
9yuawnhu-9ush-6ayh-5shy-9iueg7yh2ian,fake,frontal,facemask,non-binary
9yuawnhu-9ush-6ayh-5shy-9iueg7yh2ian,fake,frontal,facemask,non-binary
78uhgty6-3ygh-8ytf-g7ug-764gty8jut5y,real,frontal,hat,male
78uhgty6-3ygh-8ytf-g7ug-764gty8jut5y,real,frontal,hat,male
78uhgty6-3ygh-8ytf-g7ug-764gty8jut5y,real,frontal,facemask,male
7ythahgt-7yhs-8wus-7tyh-17yhstgy73ia,real,profile,none,female
78uhgty6-3ygh-8ytf-g7ug-764gty8jut5y,real,frontal,hat,male
9yuawnhu-9ush-6ayh-5shy-9iueg7yh2ian,fake,frontal,facemask,non-binary
9yuawnhu-9ush-6ayh-5shy-9iueg7yh2ian,fake,frontal,facemask,non-binary
7ythahgt-7yhs-8wus-7tyh-17yhstgy73ia,real,profile,none,female
9yuawnhu-9ush-6ayh-5shy-9iueg7yh2ian,fake,frontal,facemask,non-binary
78uhgty6-3ygh-8ytf-g7ug-764gty8jut5y,real,frontal,hat,male
9yuawnhu-9ush-6ayh-5shy-9iueg7yh2ian,fake,frontal,facemask,non-binary
9yuawnhu-9ush-6ayh-5shy-9iueg7yh2ian,fake,frontal,facemask,non-binary
9yuawnhu-9ush-6ayh-5shy-9iueg7yh2ian,fake,frontal,facemask,non-binary
9yuawnhu-9ush-6ayh-5shy-9iueg7yh2ian,fake,frontal,facemask,non-binary
78uhgty6-3ygh-8ytf-g7ug-764gty8jut5y,real,frontal,facemask,male
7ythahgt-7yhs-8wus-7tyh-17yhstgy73ia,real,profile,none,female
78uhgty6-3ygh-8ytf-g7ug-764gty8jut5y,real,frontal,hat,male
9yuawnhu-9ush-6ayh-5shy-9iueg7yh2ian,fake,frontal,facemask,non-binary
9yuawnhu-9ush-6ayh-5shy-9iueg7yh2ian,real,frontal,facemask,male
78uhgty6-3ygh-8ytf-g7ug-764gty8jut5y,real,frontal,hat,male
78uhgty6-3ygh-8ytf-g7ug-764gty8jut5y,real,frontal,hat,male
7ythahgt-7yhs-8wus-7tyh-17yhstgy73ia,real,profile,none,female
7ythahgt-7yhs-8wus-7tyh-17yhstgy73ia,real,profile,none,female
78uhgty6-3ygh-8ytf-g7ug-764gty8jut5y,real,profile,none,female
7ythahgt-7yhs-8wus-7tyh-17yhstgy73ia,real,profile,none,female
9yuawnhu-9ush-6ayh-5shy-9iueg7yh2ian,fake,frontal,facemask,non-binary
9yuawnhu-9ush-6ayh-5shy-9iueg7yh2ian,fake,frontal,facemask,non-binary
78uhgty6-3ygh-8ytf-g7ug-764gty8jut5y,real,frontal,hat,male
7ythahgt-7yhs-8wus-7tyh-17yhstgy73ia,real,profile,none,female
78uhgty6-3ygh-8ytf-g7ug-764gty8jut5y,real,frontal,hat,male
78uhgty6-3ygh-8ytf-g7ug-764gty8jut5y,real,frontal,hat,male
9yuawnhu-9ush-6ayh-5shy-9iueg7yh2ian,fake,frontal,facemask,non-binary
7ythahgt-7yhs-8wus-7tyh-17yhstgy73ia,real,frontal,hat,male
7ythahgt-7yhs-8wus-7tyh-17yhstgy73ia,real,frontal,none,male
78uhgty6-3ygh-8ytf-g7ug-764gty8jut5y,fake,frontal,facemask,non-binary
9yuawnhu-9ush-6ayh-5shy-9iueg7yh2ian,fake,profile,facemask,non-binary
78uhgty6-3ygh-8ytf-g7ug-764gty8jut5y,real,frontal,hat,male
9yuawnhu-9ush-6ayh-5shy-9iueg7yh2ian,fake,frontal,facemask,non-binary
78uhgty6-3ygh-8ytf-g7ug-764gty8jut5y,real,frontal,hat,female
78uhgty6-3ygh-8ytf-g7ug-764gty8jut5y,real,frontal,hat,male
9yuawnhu-9ush-6ayh-5shy-9iueg7yh2ian,fake,frontal,facemask,non-binary
78uhgty6-3ygh-8ytf-g7ug-764gty8jut5y,real,frontal,none,male
9yuawnhu-9ush-6ayh-5shy-9iueg7yh2ian,fake,frontal,facemask,non-binary
9yuawnhu-9ush-6ayh-5shy-9iueg7yh2ian,fake,frontal,facemask,non-binary
9yuawnhu-9ush-6ayh-5shy-9iueg7yh2ian,fake,frontal,facemask,male
78uhgty6-3ygh-8ytf-g7ug-764gty8jut5y,real,frontal,hat,male
7ythahgt-7yhs-8wus-7tyh-17yhstgy73ia,real,profile,none,female
9yuawnhu-9ush-6ayh-5shy-9iueg7yh2ian,fake,frontal,facemask,non-binary
78uhgty6-3ygh-8ytf-g7ug-764gty8jut5y,real,profile,none,female
7ythahgt-7yhs-8wus-7tyh-17yhstgy73ia,real,profile,hat,female
9yuawnhu-9ush-6ayh-5shy-9iueg7yh2ian,fake,frontal,facemask,non-binary
78uhgty6-3ygh-8ytf-g7ug-764gty8jut5y,real,frontal,hat,male
9yuawnhu-9ush-6ayh-5shy-9iueg7yh2ian,fake,frontal,facemask,non-binary
9yuawnhu-9ush-6ayh-5shy-9iueg7yh2ian,fake,frontal,facemask,non-binary
9yuawnhu-9ush-6ayh-5shy-9iueg7yh2ian,fake,frontal,facemask,non-binary
7ythahgt-7yhs-8wus-7tyh-17yhstgy73ia,real,profile,none,female
9yuawnhu-9ush-6ayh-5shy-9iueg7yh2ian,fake,frontal,facemask,non-binary
7ythahgt-7yhs-8wus-7tyh-17yhstgy73ia,real,profile,none,female
9yuawnhu-9ush-6ayh-5shy-9iueg7yh2ian,fake,frontal,facemask,non-binary
9yuawnhu-9ush-6ayh-5shy-9iueg7yh2ian,fake,frontal,facemask,non-binary
78uhgty6-3ygh-8ytf-g7ug-764gty8jut5y,real,frontal,hat,male
7ythahgt-7yhs-8wus-7tyh-17yhstgy73ia,real,profile,none,female
9yuawnhu-9ush-6ayh-5shy-9iueg7yh2ian,fake,frontal,facemask,non-binary
78uhgty6-3ygh-8ytf-g7ug-764gty8jut5y,real,frontal,hat,male
7ythahgt-7yhs-8wus-7tyh-17yhstgy73ia,real,profile,none,female
7ythahgt-7yhs-8wus-7tyh-17yhstgy73ia,real,profile,none,female
9yuawnhu-9ush-6ayh-5shy-9iueg7yh2ian,fake,frontal,facemask,non-binary
7ythahgt-7yhs-8wus-7tyh-17yhstgy73ia,real,profile,none,female
78uhgty6-3ygh-8ytf-g7ug-764gty8jut5y,real,frontal,hat,male
7ythahgt-7yhs-8wus-7tyh-17yhstgy73ia,real,profile,none,female
78uhgty6-3ygh-8ytf-g7ug-764gty8jut5y,real,frontal,hat,male
78uhgty6-3ygh-8ytf-g7ug-764gty8jut5y,real,frontal,hat,male
9yuawnhu-9ush-6ayh-5shy-9iueg7yh2ian,fake,frontal,facemask,non-binary
9yuawnhu-9ush-6ayh-5shy-9iueg7yh2ian,real,frontal,facemask,non-binary
7ythahgt-7yhs-8wus-7tyh-17yhstgy73ia,real,profile,none,female
9yuawnhu-9ush-6ayh-5shy-9iueg7yh2ian,fake,frontal,facemask,female
78uhgty6-3ygh-8ytf-g7ug-764gty8jut5y,real,frontal,facemask,male
7ythahgt-7yhs-8wus-7tyh-17yhstgy73ia,real,profile,none,female
78uhgty6-3ygh-8ytf-g7ug-764gty8jut5y,real,frontal,hat,male
7ythahgt-7yhs-8wus-7tyh-17yhstgy73ia,real,profile,none,female
9yuawnhu-9ush-6ayh-5shy-9iueg7yh2ian,fake,frontal,facemask,non-binary
78uhgty6-3ygh-8ytf-g7ug-764gty8jut5y,fake,frontal,hat,male
9yuawnhu-9ush-6ayh-5shy-9iueg7yh2ian,fake,frontal,facemask,non-binary
78uhgty6-3ygh-8ytf-g7ug-764gty8jut5y,fake,frontal,hat,non-binary
78uhgty6-3ygh-8ytf-g7ug-764gty8jut5y,fake,frontal,hat,non-binary
9yuawnhu-9ush-6ayh-5shy-9iueg7yh2ian,fake,frontal,facemask,non-binary
7ythahgt-7yhs-8wus-7tyh-17yhstgy73ia,real,profile,none,female
7ythahgt-7yhs-8wus-7tyh-17yhstgy73ia,real,profile,none,female
7ythahgt-7yhs-8wus-7tyh-17yhstgy73ia,real,profile,none,female
9yuawnhu-9ush-6ayh-5shy-9iueg7yh2ian,fake,frontal,facemask,non-binary
9yuawnhu-9ush-6ayh-5shy-9iueg7yh2ian,fake,frontal,facemask,non-binary
78uhgty6-3ygh-8ytf-g7ug-764gty8jut5y,real,frontal,hat,male
7ythahgt-7yhs-8wus-7tyh-17yhstgy73ia,real,profile,hat,male
9yuawnhu-9ush-6ayh-5shy-9iueg7yh2ian,real,frontal,facemask,non-binary
9yuawnhu-9ush-6ayh-5shy-9iueg7yh2ian,fake,frontal,facemask,non-binary
78uhgty6-3ygh-8ytf-g7ug-764gty8jut5y,real,frontal,hat,male
7ythahgt-7yhs-8wus-7tyh-17yhstgy73ia,real,frontal,none,female
7ythahgt-7yhs-8wus-7tyh-17yhstgy73ia,real,profile,none,female
7ythahgt-7yhs-8wus-7tyh-17yhstgy73ia,real,profile,none,female
78uhgty6-3ygh-8ytf-g7ug-764gty8jut5y,real,frontal,hat,male
78uhgty6-3ygh-8ytf-g7ug-764gty8jut5y,real,frontal,hat,male
7ythahgt-7yhs-8wus-7tyh-17yhstgy73ia,real,profile,none,female
78uhgty6-3ygh-8ytf-g7ug-764gty8jut5y,real,frontal,hat,male
78uhgty6-3ygh-8ytf-g7ug-764gty8jut5y,real,frontal,hat,male
9yuawnhu-9ush-6ayh-5shy-9iueg7yh2ian,fake,frontal,facemask,non-binary
9yuawnhu-9ush-6ayh-5shy-9iueg7yh2ian,fake,frontal,facemask,non-binary
78uhgty6-3ygh-8ytf-g7ug-764gty8jut5y,real,frontal,hat,male
78uhgty6-3ygh-8ytf-g7ug-764gty8jut5y,real,frontal,none,male
9yuawnhu-9ush-6ayh-5shy-9iueg7yh2ian,fake,frontal,facemask,non-binary
7ythahgt-7yhs-8wus-7tyh-17yhstgy73ia,real,profile,none,female
9yuawnhu-9ush-6ayh-5shy-9iueg7yh2ian,fake,frontal,facemask,non-binary
78uhgty6-3ygh-8ytf-g7ug-764gty8jut5y,real,frontal,hat,male
9yuawnhu-9ush-6ayh-5shy-9iueg7yh2ian,fake,frontal,facemask,non-binary
9yuawnhu-9ush-6ayh-5shy-9iueg7yh2ian,real,frontal,facemask,non-binary
7ythahgt-7yhs-8wus-7tyh-17yhstgy73ia,real,frontal,none,male
78uhgty6-3ygh-8ytf-g7ug-764gty8jut5y,real,frontal,hat,male
7ythahgt-7yhs-8wus-7tyh-17yhstgy73ia,real,profile,none,female
7ythahgt-7yhs-8wus-7tyh-17yhstgy73ia,real,profile,none,female
9yuawnhu-9ush-6ayh-5shy-9iueg7yh2ian,fake,frontal,facemask,non-binary
9yuawnhu-9ush-6ayh-5shy-9iueg7yh2ian,real,frontal,none,male
78uhgty6-3ygh-8ytf-g7ug-764gty8jut5y,real,frontal,hat,non-binary
78uhgty6-3ygh-8ytf-g7ug-764gty8jut5y,real,frontal,hat,female
9yuawnhu-9ush-6ayh-5shy-9iueg7yh2ian,fake,frontal,facemask,non-binary
7ythahgt-7yhs-8wus-7tyh-17yhstgy73ia,real,profile,none,female
9yuawnhu-9ush-6ayh-5shy-9iueg7yh2ian,fake,frontal,facemask,non-binary
9yuawnhu-9ush-6ayh-5shy-9iueg7yh2ian,fake,frontal,facemask,non-binary
9yuawnhu-9ush-6ayh-5shy-9iueg7yh2ian,fake,frontal,facemask,non-binary
78uhgty6-3ygh-8ytf-g7ug-764gty8jut5y,real,frontal,hat,male
7ythahgt-7yhs-8wus-7tyh-17yhstgy73ia,real,profile,none,female
78uhgty6-3ygh-8ytf-g7ug-764gty8jut5y,real,frontal,hat,male
7ythahgt-7yhs-8wus-7tyh-17yhstgy73ia,real,profile,none,female
78uhgty6-3ygh-8ytf-g7ug-764gty8jut5y,real,frontal,hat,male
9yuawnhu-9ush-6ayh-5shy-9iueg7yh2ian,fake,frontal,facemask,non-binary
78uhgty6-3ygh-8ytf-g7ug-764gty8jut5y,real,frontal,hat,male
7ythahgt-7yhs-8wus-7tyh-17yhstgy73ia,real,profile,none,female
9yuawnhu-9ush-6ayh-5shy-9iueg7yh2ian,fake,frontal,facemask,non-binary
9yuawnhu-9ush-6ayh-5shy-9iueg7yh2ian,fake,frontal,hat,non-binary
9yuawnhu-9ush-6ayh-5shy-9iueg7yh2ian,fake,frontal,facemask,non-binary
9yuawnhu-9ush-6ayh-5shy-9iueg7yh2ian,fake,frontal,facemask,non-binary
7ythahgt-7yhs-8wus-7tyh-17yhstgy73ia,real,profile,none,female
9yuawnhu-9ush-6ayh-5shy-9iueg7yh2ian,fake,frontal,facemask,non-binary
9yuawnhu-9ush-6ayh-5shy-9iueg7yh2ian,fake,frontal,facemask,non-binary
7ythahgt-7yhs-8wus-7tyh-17yhstgy73ia,real,profile,none,female
78uhgty6-3ygh-8ytf-g7ug-764gty8jut5y,real,profile,hat,male
78uhgty6-3ygh-8ytf-g7ug-764gty8jut5y,real,frontal,hat,male
78uhgty6-3ygh-8ytf-g7ug-764gty8jut5y,real,frontal,hat,male
7ythahgt-7yhs-8wus-7tyh-17yhstgy73ia,real,profile,none,female
9yuawnhu-9ush-6ayh-5shy-9iueg7yh2ian,real,frontal,hat,male
7ythahgt-7yhs-8wus-7tyh-17yhstgy73ia,real,profile,none,female
7ythahgt-7yhs-8wus-7tyh-17yhstgy73ia,real,frontal,none,male
9yuawnhu-9ush-6ayh-5shy-9iueg7yh2ian,fake,frontal,facemask,non-binary
78uhgty6-3ygh-8ytf-g7ug-764gty8jut5y,real,frontal,none,male
9yuawnhu-9ush-6ayh-5shy-9iueg7yh2ian,real,frontal,hat,non-binary
78uhgty6-3ygh-8ytf-g7ug-764gty8jut5y,real,frontal,hat,male
9yuawnhu-9ush-6ayh-5shy-9iueg7yh2ian,real,frontal,hat,male
9yuawnhu-9ush-6ayh-5shy-9iueg7yh2ian,real,frontal,facemask,male
7ythahgt-7yhs-8wus-7tyh-17yhstgy73ia,real,profile,none,female
9yuawnhu-9ush-6ayh-5shy-9iueg7yh2ian,fake,frontal,facemask,non-binary
78uhgty6-3ygh-8ytf-g7ug-764gty8jut5y,real,frontal,hat,male
9yuawnhu-9ush-6ayh-5shy-9iueg7yh2ian,fake,frontal,facemask,non-binary
78uhgty6-3ygh-8ytf-g7ug-764gty8jut5y,real,frontal,hat,male
9yuawnhu-9ush-6ayh-5shy-9iueg7yh2ian,fake,frontal,facemask,non-binary
78uhgty6-3ygh-8ytf-g7ug-764gty8jut5y,real,frontal,hat,male
7ythahgt-7yhs-8wus-7tyh-17yhstgy73ia,fake,frontal,hat,non-binary
78uhgty6-3ygh-8ytf-g7ug-764gty8jut5y,real,frontal,hat,male
9yuawnhu-9ush-6ayh-5shy-9iueg7yh2ian,fake,frontal,facemask,non-binary
9yuawnhu-9ush-6ayh-5shy-9iueg7yh2ian,fake,frontal,facemask,non-binary
9yuawnhu-9ush-6ayh-5shy-9iueg7yh2ian,fake,frontal,facemask,non-binary
9yuawnhu-9ush-6ayh-5shy-9iueg7yh2ian,fake,frontal,facemask,non-binary
78uhgty6-3ygh-8ytf-g7ug-764gty8jut5y,real,frontal,hat,male
7ythahgt-7yhs-8wus-7tyh-17yhstgy73ia,real,profile,none,female
7ythahgt-7yhs-8wus-7tyh-17yhstgy73ia,real,profile,hat,female
78uhgty6-3ygh-8ytf-g7ug-764gty8jut5y,real,frontal,hat,male
7ythahgt-7yhs-8wus-7tyh-17yhstgy73ia,real,profile,none,female
78uhgty6-3ygh-8ytf-g7ug-764gty8jut5y,real,frontal,hat,male
78uhgty6-3ygh-8ytf-g7ug-764gty8jut5y,real,frontal,hat,male
78uhgty6-3ygh-8ytf-g7ug-764gty8jut5y,real,frontal,hat,male
7ythahgt-7yhs-8wus-7tyh-17yhstgy73ia,real,profile,none,female
78uhgty6-3ygh-8ytf-g7ug-764gty8jut5y,real,frontal,hat,male
78uhgty6-3ygh-8ytf-g7ug-764gty8jut5y,real,frontal,hat,male
9yuawnhu-9ush-6ayh-5shy-9iueg7yh2ian,fake,frontal,facemask,non-binary
7ythahgt-7yhs-8wus-7tyh-17yhstgy73ia,real,profile,none,female
9yuawnhu-9ush-6ayh-5shy-9iueg7yh2ian,fake,frontal,facemask,non-binary
7ythahgt-7yhs-8wus-7tyh-17yhstgy73ia,real,profile,none,female
78uhgty6-3ygh-8ytf-g7ug-764gty8jut5y,real,frontal,hat,male
7ythahgt-7yhs-8wus-7tyh-17yhstgy73ia,real,profile,none,female
78uhgty6-3ygh-8ytf-g7ug-764gty8jut5y,real,frontal,hat,male
9yuawnhu-9ush-6ayh-5shy-9iueg7yh2ian,fake,frontal,facemask,non-binary
9yuawnhu-9ush-6ayh-5shy-9iueg7yh2ian,fake,frontal,facemask,non-binary
9yuawnhu-9ush-6ayh-5shy-9iueg7yh2ian,fake,frontal,facemask,female
7ythahgt-7yhs-8wus-7tyh-17yhstgy73ia,real,profile,none,female
7ythahgt-7yhs-8wus-7tyh-17yhstgy73ia,real,profile,none,female
78uhgty6-3ygh-8ytf-g7ug-764gty8jut5y,real,frontal,hat,male
9yuawnhu-9ush-6ayh-5shy-9iueg7yh2ian,fake,frontal,facemask,non-binary
9yuawnhu-9ush-6ayh-5shy-9iueg7yh2ian,fake,frontal,facemask,non-binary
9yuawnhu-9ush-6ayh-5shy-9iueg7yh2ian,fake,frontal,facemask,non-binary
7ythahgt-7yhs-8wus-7tyh-17yhstgy73ia,real,profile,none,female
78uhgty6-3ygh-8ytf-g7ug-764gty8jut5y,real,frontal,hat,male
7ythahgt-7yhs-8wus-7tyh-17yhstgy73ia,real,profile,none,female
9yuawnhu-9ush-6ayh-5shy-9iueg7yh2ian,fake,frontal,facemask,non-binary
9yuawnhu-9ush-6ayh-5shy-9iueg7yh2ian,fake,frontal,facemask,non-binary
9yuawnhu-9ush-6ayh-5shy-9iueg7yh2ian,fake,frontal,facemask,non-binary
78uhgty6-3ygh-8ytf-g7ug-764gty8jut5y,real,profile,hat,male
9yuawnhu-9ush-6ayh-5shy-9iueg7yh2ian,fake,frontal,facemask,non-binary
78uhgty6-3ygh-8ytf-g7ug-764gty8jut5y,real,frontal,hat,male
9yuawnhu-9ush-6ayh-5shy-9iueg7yh2ian,fake,frontal,facemask,non-binary
7ythahgt-7yhs-8wus-7tyh-17yhstgy73ia,real,profile,none,female
9yuawnhu-9ush-6ayh-5shy-9iueg7yh2ian,fake,frontal,facemask,non-binary
78uhgty6-3ygh-8ytf-g7ug-764gty8jut5y,real,frontal,hat,male
7ythahgt-7yhs-8wus-7tyh-17yhstgy73ia,real,profile,none,female
9yuawnhu-9ush-6ayh-5shy-9iueg7yh2ian,fake,frontal,facemask,non-binary
7ythahgt-7yhs-8wus-7tyh-17yhstgy73ia,real,profile,none,female
7ythahgt-7yhs-8wus-7tyh-17yhstgy73ia,real,profile,none,female
78uhgty6-3ygh-8ytf-g7ug-764gty8jut5y,fake,frontal,hat,male
9yuawnhu-9ush-6ayh-5shy-9iueg7yh2ian,fake,frontal,facemask,non-binary
7ythahgt-7yhs-8wus-7tyh-17yhstgy73ia,real,profile,none,female
7ythahgt-7yhs-8wus-7tyh-17yhstgy73ia,real,profile,none,female
78uhgty6-3ygh-8ytf-g7ug-764gty8jut5y,real,frontal,hat,female
78uhgty6-3ygh-8ytf-g7ug-764gty8jut5y,real,frontal,hat,male
9yuawnhu-9ush-6ayh-5shy-9iueg7yh2ian,fake,frontal,facemask,non-binary
7ythahgt-7yhs-8wus-7tyh-17yhstgy73ia,real,profile,none,female
78uhgty6-3ygh-8ytf-g7ug-764gty8jut5y,real,frontal,hat,male
7ythahgt-7yhs-8wus-7tyh-17yhstgy73ia,real,profile,none,female
7ythahgt-7yhs-8wus-7tyh-17yhstgy73ia,real,profile,none,female
78uhgty6-3ygh-8ytf-g7ug-764gty8jut5y,real,frontal,hat,male
78uhgty6-3ygh-8ytf-g7ug-764gty8jut5y,real,profile,none,male
7ythahgt-7yhs-8wus-7tyh-17yhstgy73ia,real,profile,none,female
7ythahgt-7yhs-8wus-7tyh-17yhstgy73ia,real,profile,none,female
9yuawnhu-9ush-6ayh-5shy-9iueg7yh2ian,fake,frontal,facemask,non-binary
78uhgty6-3ygh-8ytf-g7ug-764gty8jut5y,real,frontal,hat,male
78uhgty6-3ygh-8ytf-g7ug-764gty8jut5y,real,frontal,facemask,non-binary
7ythahgt-7yhs-8wus-7tyh-17yhstgy73ia,real,frontal,hat,male
9yuawnhu-9ush-6ayh-5shy-9iueg7yh2ian,fake,frontal,facemask,non-binary
78uhgty6-3ygh-8ytf-g7ug-764gty8jut5y,real,frontal,hat,male
7ythahgt-7yhs-8wus-7tyh-17yhstgy73ia,real,profile,none,female
78uhgty6-3ygh-8ytf-g7ug-764gty8jut5y,real,frontal,hat,male
7ythahgt-7yhs-8wus-7tyh-17yhstgy73ia,real,profile,none,female
78uhgty6-3ygh-8ytf-g7ug-764gty8jut5y,real,frontal,hat,male
78uhgty6-3ygh-8ytf-g7ug-764gty8jut5y,real,frontal,hat,male
7ythahgt-7yhs-8wus-7tyh-17yhstgy73ia,real,profile,none,female
9yuawnhu-9ush-6ayh-5shy-9iueg7yh2ian,fake,frontal,hat,male
7ythahgt-7yhs-8wus-7tyh-17yhstgy73ia,real,frontal,none,male
78uhgty6-3ygh-8ytf-g7ug-764gty8jut5y,real,frontal,hat,male
78uhgty6-3ygh-8ytf-g7ug-764gty8jut5y,real,frontal,hat,male
7ythahgt-7yhs-8wus-7tyh-17yhstgy73ia,real,profile,none,female
9yuawnhu-9ush-6ayh-5shy-9iueg7yh2ian,fake,frontal,facemask,non-binary
9yuawnhu-9ush-6ayh-5shy-9iueg7yh2ian,fake,frontal,facemask,non-binary
78uhgty6-3ygh-8ytf-g7ug-764gty8jut5y,real,frontal,hat,male
78uhgty6-3ygh-8ytf-g7ug-764gty8jut5y,real,frontal,hat,male
78uhgty6-3ygh-8ytf-g7ug-764gty8jut5y,real,frontal,hat,male
7ythahgt-7yhs-8wus-7tyh-17yhstgy73ia,real,profile,none,female
78uhgty6-3ygh-8ytf-g7ug-764gty8jut5y,real,frontal,hat,male
78uhgty6-3ygh-8ytf-g7ug-764gty8jut5y,real,profile,hat,male
9yuawnhu-9ush-6ayh-5shy-9iueg7yh2ian,fake,frontal,facemask,non-binary
7ythahgt-7yhs-8wus-7tyh-17yhstgy73ia,real,profile,none,female
78uhgty6-3ygh-8ytf-g7ug-764gty8jut5y,real,frontal,hat,male
7ythahgt-7yhs-8wus-7tyh-17yhstgy73ia,real,profile,none,female
9yuawnhu-9ush-6ayh-5shy-9iueg7yh2ian,fake,frontal,facemask,non-binary
9yuawnhu-9ush-6ayh-5shy-9iueg7yh2ian,fake,frontal,facemask,non-binary
78uhgty6-3ygh-8ytf-g7ug-764gty8jut5y,real,frontal,hat,non-binary
9yuawnhu-9ush-6ayh-5shy-9iueg7yh2ian,real,frontal,facemask,male
9yuawnhu-9ush-6ayh-5shy-9iueg7yh2ian,fake,frontal,facemask,non-binary
7ythahgt-7yhs-8wus-7tyh-17yhstgy73ia,real,profile,none,female
9yuawnhu-9ush-6ayh-5shy-9iueg7yh2ian,real,frontal,facemask,non-binary
78uhgty6-3ygh-8ytf-g7ug-764gty8jut5y,real,frontal,hat,male
9yuawnhu-9ush-6ayh-5shy-9iueg7yh2ian,fake,frontal,facemask,non-binary
78uhgty6-3ygh-8ytf-g7ug-764gty8jut5y,real,frontal,hat,male
9yuawnhu-9ush-6ayh-5shy-9iueg7yh2ian,fake,frontal,facemask,non-binary
9yuawnhu-9ush-6ayh-5shy-9iueg7yh2ian,fake,frontal,facemask,non-binary
7ythahgt-7yhs-8wus-7tyh-17yhstgy73ia,real,profile,none,female
7ythahgt-7yhs-8wus-7tyh-17yhstgy73ia,real,profile,none,female
9yuawnhu-9ush-6ayh-5shy-9iueg7yh2ian,fake,frontal,facemask,non-binary
9yuawnhu-9ush-6ayh-5shy-9iueg7yh2ian,fake,frontal,facemask,non-binary
9yuawnhu-9ush-6ayh-5shy-9iueg7yh2ian,fake,frontal,facemask,non-binary
9yuawnhu-9ush-6ayh-5shy-9iueg7yh2ian,fake,frontal,facemask,non-binary
9yuawnhu-9ush-6ayh-5shy-9iueg7yh2ian,fake,frontal,facemask,non-binary
9yuawnhu-9ush-6ayh-5shy-9iueg7yh2ian,fake,frontal,facemask,non-binary
7ythahgt-7yhs-8wus-7tyh-17yhstgy73ia,real,profile,none,female
78uhgty6-3ygh-8ytf-g7ug-764gty8jut5y,real,frontal,hat,male
78uhgty6-3ygh-8ytf-g7ug-764gty8jut5y,real,frontal,hat,male
78uhgty6-3ygh-8ytf-g7ug-764gty8jut5y,real,frontal,hat,male
7ythahgt-7yhs-8wus-7tyh-17yhstgy73ia,real,profile,none,female
9yuawnhu-9ush-6ayh-5shy-9iueg7yh2ian,fake,frontal,facemask,non-binary
7ythahgt-7yhs-8wus-7tyh-17yhstgy73ia,real,profile,none,female
9yuawnhu-9ush-6ayh-5shy-9iueg7yh2ian,fake,frontal,facemask,non-binary
9yuawnhu-9ush-6ayh-5shy-9iueg7yh2ian,fake,frontal,facemask,non-binary
7ythahgt-7yhs-8wus-7tyh-17yhstgy73ia,real,profile,none,female
9yuawnhu-9ush-6ayh-5shy-9iueg7yh2ian,fake,frontal,facemask,non-binary
7ythahgt-7yhs-8wus-7tyh-17yhstgy73ia,real,profile,none,female
78uhgty6-3ygh-8ytf-g7ug-764gty8jut5y,real,frontal,hat,male
9yuawnhu-9ush-6ayh-5shy-9iueg7yh2ian,fake,frontal,facemask,non-binary
7ythahgt-7yhs-8wus-7tyh-17yhstgy73ia,real,profile,none,female
9yuawnhu-9ush-6ayh-5shy-9iueg7yh2ian,fake,frontal,facemask,non-binary
78uhgty6-3ygh-8ytf-g7ug-764gty8jut5y,real,frontal,none,male
78uhgty6-3ygh-8ytf-g7ug-764gty8jut5y,real,frontal,hat,male
7ythahgt-7yhs-8wus-7tyh-17yhstgy73ia,real,profile,none,female
9yuawnhu-9ush-6ayh-5shy-9iueg7yh2ian,fake,frontal,facemask,non-binary
7ythahgt-7yhs-8wus-7tyh-17yhstgy73ia,real,profile,none,female
9yuawnhu-9ush-6ayh-5shy-9iueg7yh2ian,fake,frontal,facemask,non-binary
9yuawnhu-9ush-6ayh-5shy-9iueg7yh2ian,fake,frontal,facemask,non-binary
7ythahgt-7yhs-8wus-7tyh-17yhstgy73ia,real,profile,none,female
7ythahgt-7yhs-8wus-7tyh-17yhstgy73ia,real,profile,none,female
9yuawnhu-9ush-6ayh-5shy-9iueg7yh2ian,fake,frontal,facemask,non-binary
9yuawnhu-9ush-6ayh-5shy-9iueg7yh2ian,real,frontal,facemask,non-binary
9yuawnhu-9ush-6ayh-5shy-9iueg7yh2ian,fake,frontal,facemask,non-binary
7ythahgt-7yhs-8wus-7tyh-17yhstgy73ia,real,profile,none,female
7ythahgt-7yhs-8wus-7tyh-17yhstgy73ia,real,profile,none,female
7ythahgt-7yhs-8wus-7tyh-17yhstgy73ia,real,profile,none,female
9yuawnhu-9ush-6ayh-5shy-9iueg7yh2ian,fake,frontal,facemask,non-binary
78uhgty6-3ygh-8ytf-g7ug-764gty8jut5y,real,frontal,hat,male
78uhgty6-3ygh-8ytf-g7ug-764gty8jut5y,real,frontal,none,male
9yuawnhu-9ush-6ayh-5shy-9iueg7yh2ian,fake,frontal,facemask,non-binary
7ythahgt-7yhs-8wus-7tyh-17yhstgy73ia,real,profile,none,female
78uhgty6-3ygh-8ytf-g7ug-764gty8jut5y,real,frontal,hat,male
78uhgty6-3ygh-8ytf-g7ug-764gty8jut5y,real,frontal,hat,male
78uhgty6-3ygh-8ytf-g7ug-764gty8jut5y,real,frontal,hat,male
78uhgty6-3ygh-8ytf-g7ug-764gty8jut5y,real,frontal,hat,male
9yuawnhu-9ush-6ayh-5shy-9iueg7yh2ian,fake,frontal,facemask,non-binary
78uhgty6-3ygh-8ytf-g7ug-764gty8jut5y,fake,frontal,facemask,non-binary
9yuawnhu-9ush-6ayh-5shy-9iueg7yh2ian,fake,frontal,facemask,non-binary
78uhgty6-3ygh-8ytf-g7ug-764gty8jut5y,real,frontal,hat,male
7ythahgt-7yhs-8wus-7tyh-17yhstgy73ia,real,profile,none,female
7ythahgt-7yhs-8wus-7tyh-17yhstgy73ia,real,profile,none,female
78uhgty6-3ygh-8ytf-g7ug-764gty8jut5y,real,frontal,hat,male
9yuawnhu-9ush-6ayh-5shy-9iueg7yh2ian,fake,frontal,facemask,non-binary
78uhgty6-3ygh-8ytf-g7ug-764gty8jut5y,real,frontal,facemask,male
9yuawnhu-9ush-6ayh-5shy-9iueg7yh2ian,fake,frontal,facemask,non-binary
9yuawnhu-9ush-6ayh-5shy-9iueg7yh2ian,fake,frontal,facemask,non-binary
9yuawnhu-9ush-6ayh-5shy-9iueg7yh2ian,fake,frontal,facemask,non-binary
7ythahgt-7yhs-8wus-7tyh-17yhstgy73ia,real,profile,none,female
9yuawnhu-9ush-6ayh-5shy-9iueg7yh2ian,fake,frontal,facemask,non-binary
78uhgty6-3ygh-8ytf-g7ug-764gty8jut5y,real,frontal,hat,male
9yuawnhu-9ush-6ayh-5shy-9iueg7yh2ian,fake,frontal,facemask,non-binary
7ythahgt-7yhs-8wus-7tyh-17yhstgy73ia,real,profile,none,female
9yuawnhu-9ush-6ayh-5shy-9iueg7yh2ian,fake,frontal,facemask,non-binary
78uhgty6-3ygh-8ytf-g7ug-764gty8jut5y,real,frontal,hat,male
78uhgty6-3ygh-8ytf-g7ug-764gty8jut5y,real,frontal,facemask,non-binary
7ythahgt-7yhs-8wus-7tyh-17yhstgy73ia,real,profile,none,female
9yuawnhu-9ush-6ayh-5shy-9iueg7yh2ian,real,frontal,hat,male
78uhgty6-3ygh-8ytf-g7ug-764gty8jut5y,real,frontal,hat,male
78uhgty6-3ygh-8ytf-g7ug-764gty8jut5y,real,frontal,hat,male
78uhgty6-3ygh-8ytf-g7ug-764gty8jut5y,real,frontal,hat,male
78uhgty6-3ygh-8ytf-g7ug-764gty8jut5y,fake,frontal,hat,male
7ythahgt-7yhs-8wus-7tyh-17yhstgy73ia,real,frontal,facemask,non-binary
9yuawnhu-9ush-6ayh-5shy-9iueg7yh2ian,fake,frontal,facemask,non-binary
78uhgty6-3ygh-8ytf-g7ug-764gty8jut5y,real,frontal,hat,male
78uhgty6-3ygh-8ytf-g7ug-764gty8jut5y,real,frontal,hat,male
7ythahgt-7yhs-8wus-7tyh-17yhstgy73ia,real,profile,none,female
7ythahgt-7yhs-8wus-7tyh-17yhstgy73ia,real,profile,none,female
9yuawnhu-9ush-6ayh-5shy-9iueg7yh2ian,real,frontal,hat,male
78uhgty6-3ygh-8ytf-g7ug-764gty8jut5y,real,frontal,hat,male
78uhgty6-3ygh-8ytf-g7ug-764gty8jut5y,real,frontal,hat,male
9yuawnhu-9ush-6ayh-5shy-9iueg7yh2ian,fake,frontal,facemask,non-binary
7ythahgt-7yhs-8wus-7tyh-17yhstgy73ia,real,profile,none,female
7ythahgt-7yhs-8wus-7tyh-17yhstgy73ia,real,profile,none,female
9yuawnhu-9ush-6ayh-5shy-9iueg7yh2ian,real,frontal,facemask,non-binary
7ythahgt-7yhs-8wus-7tyh-17yhstgy73ia,real,profile,none,female
7ythahgt-7yhs-8wus-7tyh-17yhstgy73ia,real,profile,none,female
9yuawnhu-9ush-6ayh-5shy-9iueg7yh2ian,real,frontal,facemask,male
78uhgty6-3ygh-8ytf-g7ug-764gty8jut5y,real,frontal,hat,male
7ythahgt-7yhs-8wus-7tyh-17yhstgy73ia,real,profile,none,female
78uhgty6-3ygh-8ytf-g7ug-764gty8jut5y,real,frontal,hat,female
78uhgty6-3ygh-8ytf-g7ug-764gty8jut5y,real,frontal,hat,male
7ythahgt-7yhs-8wus-7tyh-17yhstgy73ia,real,profile,none,female
78uhgty6-3ygh-8ytf-g7ug-764gty8jut5y,real,frontal,hat,male
7ythahgt-7yhs-8wus-7tyh-17yhstgy73ia,real,profile,none,female
7ythahgt-7yhs-8wus-7tyh-17yhstgy73ia,real,profile,none,female
7ythahgt-7yhs-8wus-7tyh-17yhstgy73ia,real,profile,none,male
7ythahgt-7yhs-8wus-7tyh-17yhstgy73ia,real,profile,none,female
7ythahgt-7yhs-8wus-7tyh-17yhstgy73ia,real,profile,none,female
78uhgty6-3ygh-8ytf-g7ug-764gty8jut5y,real,frontal,hat,male
9yuawnhu-9ush-6ayh-5shy-9iueg7yh2ian,fake,frontal,facemask,non-binary
7ythahgt-7yhs-8wus-7tyh-17yhstgy73ia,real,profile,none,female
78uhgty6-3ygh-8ytf-g7ug-764gty8jut5y,real,frontal,hat,female
78uhgty6-3ygh-8ytf-g7ug-764gty8jut5y,real,frontal,hat,male
78uhgty6-3ygh-8ytf-g7ug-764gty8jut5y,real,frontal,hat,male
7ythahgt-7yhs-8wus-7tyh-17yhstgy73ia,real,profile,none,female
7ythahgt-7yhs-8wus-7tyh-17yhstgy73ia,real,profile,none,female
9yuawnhu-9ush-6ayh-5shy-9iueg7yh2ian,fake,frontal,facemask,non-binary
9yuawnhu-9ush-6ayh-5shy-9iueg7yh2ian,fake,frontal,facemask,non-binary
9yuawnhu-9ush-6ayh-5shy-9iueg7yh2ian,fake,frontal,facemask,non-binary
9yuawnhu-9ush-6ayh-5shy-9iueg7yh2ian,fake,frontal,facemask,non-binary
9yuawnhu-9ush-6ayh-5shy-9iueg7yh2ian,fake,frontal,facemask,non-binary
78uhgty6-3ygh-8ytf-g7ug-764gty8jut5y,real,frontal,hat,male
7ythahgt-7yhs-8wus-7tyh-17yhstgy73ia,real,profile,none,female
9yuawnhu-9ush-6ayh-5shy-9iueg7yh2ian,fake,frontal,facemask,non-binary
78uhgty6-3ygh-8ytf-g7ug-764gty8jut5y,real,frontal,hat,male
7ythahgt-7yhs-8wus-7tyh-17yhstgy73ia,real,profile,none,female
7ythahgt-7yhs-8wus-7tyh-17yhstgy73ia,real,profile,none,female
78uhgty6-3ygh-8ytf-g7ug-764gty8jut5y,real,frontal,hat,male
78uhgty6-3ygh-8ytf-g7ug-764gty8jut5y,real,frontal,hat,male
9yuawnhu-9ush-6ayh-5shy-9iueg7yh2ian,fake,frontal,facemask,non-binary
7ythahgt-7yhs-8wus-7tyh-17yhstgy73ia,real,profile,none,female
7ythahgt-7yhs-8wus-7tyh-17yhstgy73ia,real,profile,none,female
9yuawnhu-9ush-6ayh-5shy-9iueg7yh2ian,fake,frontal,hat,non-binary
78uhgty6-3ygh-8ytf-g7ug-764gty8jut5y,real,frontal,hat,male
78uhgty6-3ygh-8ytf-g7ug-764gty8jut5y,real,frontal,hat,male
9yuawnhu-9ush-6ayh-5shy-9iueg7yh2ian,fake,frontal,facemask,non-binary
7ythahgt-7yhs-8wus-7tyh-17yhstgy73ia,real,profile,none,female
78uhgty6-3ygh-8ytf-g7ug-764gty8jut5y,real,frontal,hat,male
78uhgty6-3ygh-8ytf-g7ug-764gty8jut5y,real,frontal,hat,male
78uhgty6-3ygh-8ytf-g7ug-764gty8jut5y,real,frontal,hat,male
9yuawnhu-9ush-6ayh-5shy-9iueg7yh2ian,real,frontal,facemask,male
78uhgty6-3ygh-8ytf-g7ug-764gty8jut5y,real,frontal,hat,male
9yuawnhu-9ush-6ayh-5shy-9iueg7yh2ian,fake,frontal,facemask,non-binary
78uhgty6-3ygh-8ytf-g7ug-764gty8jut5y,real,frontal,hat,male
78uhgty6-3ygh-8ytf-g7ug-764gty8jut5y,fake,frontal,hat,male
78uhgty6-3ygh-8ytf-g7ug-764gty8jut5y,real,frontal,hat,male
7ythahgt-7yhs-8wus-7tyh-17yhstgy73ia,real,profile,none,female
78uhgty6-3ygh-8ytf-g7ug-764gty8jut5y,real,frontal,hat,male
7ythahgt-7yhs-8wus-7tyh-17yhstgy73ia,real,profile,none,female
78uhgty6-3ygh-8ytf-g7ug-764gty8jut5y,real,frontal,hat,male
78uhgty6-3ygh-8ytf-g7ug-764gty8jut5y,real,frontal,hat,male
9yuawnhu-9ush-6ayh-5shy-9iueg7yh2ian,fake,frontal,facemask,non-binary
9yuawnhu-9ush-6ayh-5shy-9iueg7yh2ian,fake,frontal,facemask,non-binary
7ythahgt-7yhs-8wus-7tyh-17yhstgy73ia,real,profile,none,female
78uhgty6-3ygh-8ytf-g7ug-764gty8jut5y,real,frontal,hat,male
7ythahgt-7yhs-8wus-7tyh-17yhstgy73ia,real,profile,none,female
7ythahgt-7yhs-8wus-7tyh-17yhstgy73ia,real,profile,none,female
9yuawnhu-9ush-6ayh-5shy-9iueg7yh2ian,fake,frontal,facemask,non-binary
9yuawnhu-9ush-6ayh-5shy-9iueg7yh2ian,fake,frontal,facemask,non-binary
7ythahgt-7yhs-8wus-7tyh-17yhstgy73ia,real,profile,none,female
7ythahgt-7yhs-8wus-7tyh-17yhstgy73ia,real,profile,none,female
9yuawnhu-9ush-6ayh-5shy-9iueg7yh2ian,fake,frontal,facemask,non-binary
7ythahgt-7yhs-8wus-7tyh-17yhstgy73ia,real,profile,none,female
9yuawnhu-9ush-6ayh-5shy-9iueg7yh2ian,fake,frontal,facemask,non-binary
7ythahgt-7yhs-8wus-7tyh-17yhstgy73ia,real,profile,none,female
9yuawnhu-9ush-6ayh-5shy-9iueg7yh2ian,fake,frontal,facemask,non-binary
7ythahgt-7yhs-8wus-7tyh-17yhstgy73ia,real,profile,none,female
9yuawnhu-9ush-6ayh-5shy-9iueg7yh2ian,fake,frontal,facemask,non-binary
7ythahgt-7yhs-8wus-7tyh-17yhstgy73ia,real,profile,none,female
7ythahgt-7yhs-8wus-7tyh-17yhstgy73ia,real,profile,none,female
78uhgty6-3ygh-8ytf-g7ug-764gty8jut5y,real,frontal,hat,male
9yuawnhu-9ush-6ayh-5shy-9iueg7yh2ian,fake,frontal,facemask,non-binary
9yuawnhu-9ush-6ayh-5shy-9iueg7yh2ian,fake,frontal,facemask,non-binary
9yuawnhu-9ush-6ayh-5shy-9iueg7yh2ian,fake,frontal,facemask,non-binary
7ythahgt-7yhs-8wus-7tyh-17yhstgy73ia,real,profile,none,female
7ythahgt-7yhs-8wus-7tyh-17yhstgy73ia,real,profile,none,female
78uhgty6-3ygh-8ytf-g7ug-764gty8jut5y,real,frontal,hat,male
78uhgty6-3ygh-8ytf-g7ug-764gty8jut5y,real,frontal,hat,male
7ythahgt-7yhs-8wus-7tyh-17yhstgy73ia,real,profile,none,female
7ythahgt-7yhs-8wus-7tyh-17yhstgy73ia,real,profile,none,female
9yuawnhu-9ush-6ayh-5shy-9iueg7yh2ian,fake,frontal,facemask,male
7ythahgt-7yhs-8wus-7tyh-17yhstgy73ia,real,profile,none,female
7ythahgt-7yhs-8wus-7tyh-17yhstgy73ia,real,profile,none,female
7ythahgt-7yhs-8wus-7tyh-17yhstgy73ia,real,profile,none,female
78uhgty6-3ygh-8ytf-g7ug-764gty8jut5y,real,frontal,facemask,male
7ythahgt-7yhs-8wus-7tyh-17yhstgy73ia,real,profile,none,female
9yuawnhu-9ush-6ayh-5shy-9iueg7yh2ian,fake,frontal,facemask,non-binary
78uhgty6-3ygh-8ytf-g7ug-764gty8jut5y,real,frontal,hat,male
78uhgty6-3ygh-8ytf-g7ug-764gty8jut5y,real,frontal,hat,male
78uhgty6-3ygh-8ytf-g7ug-764gty8jut5y,real,frontal,hat,male
78uhgty6-3ygh-8ytf-g7ug-764gty8jut5y,real,profile,none,female
9yuawnhu-9ush-6ayh-5shy-9iueg7yh2ian,fake,frontal,facemask,non-binary
7ythahgt-7yhs-8wus-7tyh-17yhstgy73ia,real,profile,none,female
9yuawnhu-9ush-6ayh-5shy-9iueg7yh2ian,fake,frontal,facemask,non-binary
9yuawnhu-9ush-6ayh-5shy-9iueg7yh2ian,fake,frontal,facemask,non-binary
78uhgty6-3ygh-8ytf-g7ug-764gty8jut5y,real,frontal,hat,male
9yuawnhu-9ush-6ayh-5shy-9iueg7yh2ian,fake,frontal,facemask,non-binary
9yuawnhu-9ush-6ayh-5shy-9iueg7yh2ian,fake,frontal,facemask,non-binary
78uhgty6-3ygh-8ytf-g7ug-764gty8jut5y,real,frontal,hat,male
9yuawnhu-9ush-6ayh-5shy-9iueg7yh2ian,fake,frontal,facemask,non-binary
9yuawnhu-9ush-6ayh-5shy-9iueg7yh2ian,fake,frontal,facemask,non-binary
7ythahgt-7yhs-8wus-7tyh-17yhstgy73ia,real,profile,none,female
78uhgty6-3ygh-8ytf-g7ug-764gty8jut5y,real,frontal,hat,male
9yuawnhu-9ush-6ayh-5shy-9iueg7yh2ian,fake,frontal,facemask,non-binary
78uhgty6-3ygh-8ytf-g7ug-764gty8jut5y,real,frontal,hat,non-binary
9yuawnhu-9ush-6ayh-5shy-9iueg7yh2ian,fake,frontal,facemask,non-binary
9yuawnhu-9ush-6ayh-5shy-9iueg7yh2ian,fake,frontal,facemask,non-binary
7ythahgt-7yhs-8wus-7tyh-17yhstgy73ia,real,profile,none,female
78uhgty6-3ygh-8ytf-g7ug-764gty8jut5y,real,profile,hat,male
7ythahgt-7yhs-8wus-7tyh-17yhstgy73ia,real,profile,none,female
78uhgty6-3ygh-8ytf-g7ug-764gty8jut5y,real,frontal,facemask,non-binary
78uhgty6-3ygh-8ytf-g7ug-764gty8jut5y,real,frontal,hat,male
78uhgty6-3ygh-8ytf-g7ug-764gty8jut5y,real,frontal,hat,male
9yuawnhu-9ush-6ayh-5shy-9iueg7yh2ian,fake,frontal,facemask,non-binary
78uhgty6-3ygh-8ytf-g7ug-764gty8jut5y,real,frontal,hat,male
7ythahgt-7yhs-8wus-7tyh-17yhstgy73ia,real,profile,none,female
78uhgty6-3ygh-8ytf-g7ug-764gty8jut5y,real,frontal,hat,male
78uhgty6-3ygh-8ytf-g7ug-764gty8jut5y,real,frontal,hat,male
9yuawnhu-9ush-6ayh-5shy-9iueg7yh2ian,fake,frontal,facemask,non-binary
78uhgty6-3ygh-8ytf-g7ug-764gty8jut5y,real,frontal,hat,male
7ythahgt-7yhs-8wus-7tyh-17yhstgy73ia,real,profile,none,female
7ythahgt-7yhs-8wus-7tyh-17yhstgy73ia,real,profile,none,female
9yuawnhu-9ush-6ayh-5shy-9iueg7yh2ian,fake,frontal,facemask,non-binary
9yuawnhu-9ush-6ayh-5shy-9iueg7yh2ian,fake,frontal,facemask,non-binary
7ythahgt-7yhs-8wus-7tyh-17yhstgy73ia,real,profile,none,female
9yuawnhu-9ush-6ayh-5shy-9iueg7yh2ian,fake,frontal,facemask,non-binary
78uhgty6-3ygh-8ytf-g7ug-764gty8jut5y,real,frontal,hat,male
9yuawnhu-9ush-6ayh-5shy-9iueg7yh2ian,fake,frontal,facemask,non-binary
7ythahgt-7yhs-8wus-7tyh-17yhstgy73ia,real,profile,none,female
78uhgty6-3ygh-8ytf-g7ug-764gty8jut5y,real,frontal,hat,male
7ythahgt-7yhs-8wus-7tyh-17yhstgy73ia,real,frontal,none,female
9yuawnhu-9ush-6ayh-5shy-9iueg7yh2ian,fake,frontal,facemask,non-binary
9yuawnhu-9ush-6ayh-5shy-9iueg7yh2ian,fake,frontal,facemask,non-binary
7ythahgt-7yhs-8wus-7tyh-17yhstgy73ia,real,profile,none,female
78uhgty6-3ygh-8ytf-g7ug-764gty8jut5y,real,frontal,hat,male
9yuawnhu-9ush-6ayh-5shy-9iueg7yh2ian,fake,frontal,facemask,non-binary
7ythahgt-7yhs-8wus-7tyh-17yhstgy73ia,real,profile,none,female
9yuawnhu-9ush-6ayh-5shy-9iueg7yh2ian,fake,frontal,facemask,non-binary
9yuawnhu-9ush-6ayh-5shy-9iueg7yh2ian,fake,frontal,facemask,non-binary
7ythahgt-7yhs-8wus-7tyh-17yhstgy73ia,real,profile,none,female
78uhgty6-3ygh-8ytf-g7ug-764gty8jut5y,real,frontal,hat,male
9yuawnhu-9ush-6ayh-5shy-9iueg7yh2ian,fake,frontal,facemask,non-binary
7ythahgt-7yhs-8wus-7tyh-17yhstgy73ia,real,profile,none,female
78uhgty6-3ygh-8ytf-g7ug-764gty8jut5y,real,frontal,hat,male
7ythahgt-7yhs-8wus-7tyh-17yhstgy73ia,real,profile,none,female
7ythahgt-7yhs-8wus-7tyh-17yhstgy73ia,real,profile,none,female
9yuawnhu-9ush-6ayh-5shy-9iueg7yh2ian,fake,frontal,facemask,non-binary
7ythahgt-7yhs-8wus-7tyh-17yhstgy73ia,real,profile,none,female
7ythahgt-7yhs-8wus-7tyh-17yhstgy73ia,real,profile,none,female
7ythahgt-7yhs-8wus-7tyh-17yhstgy73ia,real,profile,none,female
7ythahgt-7yhs-8wus-7tyh-17yhstgy73ia,real,profile,none,female
78uhgty6-3ygh-8ytf-g7ug-764gty8jut5y,real,frontal,hat,male
7ythahgt-7yhs-8wus-7tyh-17yhstgy73ia,real,profile,hat,female
7ythahgt-7yhs-8wus-7tyh-17yhstgy73ia,real,profile,none,female
78uhgty6-3ygh-8ytf-g7ug-764gty8jut5y,real,frontal,hat,male
7ythahgt-7yhs-8wus-7tyh-17yhstgy73ia,real,profile,none,female
9yuawnhu-9ush-6ayh-5shy-9iueg7yh2ian,real,frontal,hat,male
7ythahgt-7yhs-8wus-7tyh-17yhstgy73ia,real,profile,none,female
9yuawnhu-9ush-6ayh-5shy-9iueg7yh2ian,fake,frontal,facemask,non-binary
7ythahgt-7yhs-8wus-7tyh-17yhstgy73ia,real,profile,none,female
7ythahgt-7yhs-8wus-7tyh-17yhstgy73ia,real,profile,none,female
7ythahgt-7yhs-8wus-7tyh-17yhstgy73ia,real,profile,none,female
78uhgty6-3ygh-8ytf-g7ug-764gty8jut5y,real,frontal,hat,male
9yuawnhu-9ush-6ayh-5shy-9iueg7yh2ian,fake,frontal,facemask,non-binary
7ythahgt-7yhs-8wus-7tyh-17yhstgy73ia,real,profile,none,female
78uhgty6-3ygh-8ytf-g7ug-764gty8jut5y,real,frontal,hat,male
9yuawnhu-9ush-6ayh-5shy-9iueg7yh2ian,fake,frontal,facemask,non-binary
9yuawnhu-9ush-6ayh-5shy-9iueg7yh2ian,fake,frontal,facemask,non-binary
7ythahgt-7yhs-8wus-7tyh-17yhstgy73ia,real,profile,none,female
7ythahgt-7yhs-8wus-7tyh-17yhstgy73ia,real,profile,none,female
7ythahgt-7yhs-8wus-7tyh-17yhstgy73ia,real,profile,none,female
7ythahgt-7yhs-8wus-7tyh-17yhstgy73ia,real,profile,none,female
7ythahgt-7yhs-8wus-7tyh-17yhstgy73ia,real,profile,hat,female
7ythahgt-7yhs-8wus-7tyh-17yhstgy73ia,real,profile,none,female
9yuawnhu-9ush-6ayh-5shy-9iueg7yh2ian,fake,frontal,facemask,non-binary
78uhgty6-3ygh-8ytf-g7ug-764gty8jut5y,real,frontal,hat,male
7ythahgt-7yhs-8wus-7tyh-17yhstgy73ia,real,profile,none,female
7ythahgt-7yhs-8wus-7tyh-17yhstgy73ia,real,profile,none,female
7ythahgt-7yhs-8wus-7tyh-17yhstgy73ia,real,profile,none,female
7ythahgt-7yhs-8wus-7tyh-17yhstgy73ia,real,frontal,hat,male
9yuawnhu-9ush-6ayh-5shy-9iueg7yh2ian,fake,frontal,facemask,non-binary
7ythahgt-7yhs-8wus-7tyh-17yhstgy73ia,real,profile,none,female
78uhgty6-3ygh-8ytf-g7ug-764gty8jut5y,real,frontal,hat,male
9yuawnhu-9ush-6ayh-5shy-9iueg7yh2ian,fake,frontal,facemask,non-binary
78uhgty6-3ygh-8ytf-g7ug-764gty8jut5y,real,frontal,hat,male
7ythahgt-7yhs-8wus-7tyh-17yhstgy73ia,real,profile,none,female
9yuawnhu-9ush-6ayh-5shy-9iueg7yh2ian,fake,frontal,facemask,non-binary
9yuawnhu-9ush-6ayh-5shy-9iueg7yh2ian,fake,frontal,facemask,non-binary
7ythahgt-7yhs-8wus-7tyh-17yhstgy73ia,real,profile,none,female
9yuawnhu-9ush-6ayh-5shy-9iueg7yh2ian,fake,frontal,facemask,non-binary
7ythahgt-7yhs-8wus-7tyh-17yhstgy73ia,real,profile,none,female
9yuawnhu-9ush-6ayh-5shy-9iueg7yh2ian,fake,frontal,facemask,non-binary
78uhgty6-3ygh-8ytf-g7ug-764gty8jut5y,real,frontal,hat,male
78uhgty6-3ygh-8ytf-g7ug-764gty8jut5y,real,frontal,hat,male
7ythahgt-7yhs-8wus-7tyh-17yhstgy73ia,real,profile,none,female
78uhgty6-3ygh-8ytf-g7ug-764gty8jut5y,real,frontal,hat,male
7ythahgt-7yhs-8wus-7tyh-17yhstgy73ia,real,profile,none,female
7ythahgt-7yhs-8wus-7tyh-17yhstgy73ia,real,profile,none,female
7ythahgt-7yhs-8wus-7tyh-17yhstgy73ia,real,profile,none,female
78uhgty6-3ygh-8ytf-g7ug-764gty8jut5y,real,frontal,hat,male
78uhgty6-3ygh-8ytf-g7ug-764gty8jut5y,real,frontal,hat,male
7ythahgt-7yhs-8wus-7tyh-17yhstgy73ia,real,profile,none,female
78uhgty6-3ygh-8ytf-g7ug-764gty8jut5y,fake,frontal,facemask,non-binary
7ythahgt-7yhs-8wus-7tyh-17yhstgy73ia,real,profile,none,female
78uhgty6-3ygh-8ytf-g7ug-764gty8jut5y,real,frontal,hat,male
7ythahgt-7yhs-8wus-7tyh-17yhstgy73ia,real,profile,none,female
7ythahgt-7yhs-8wus-7tyh-17yhstgy73ia,real,profile,none,female
78uhgty6-3ygh-8ytf-g7ug-764gty8jut5y,fake,frontal,facemask,non-binary
78uhgty6-3ygh-8ytf-g7ug-764gty8jut5y,fake,frontal,hat,male
7ythahgt-7yhs-8wus-7tyh-17yhstgy73ia,real,profile,none,female
7ythahgt-7yhs-8wus-7tyh-17yhstgy73ia,real,profile,none,female
78uhgty6-3ygh-8ytf-g7ug-764gty8jut5y,real,frontal,hat,male
9yuawnhu-9ush-6ayh-5shy-9iueg7yh2ian,fake,frontal,facemask,non-binary
78uhgty6-3ygh-8ytf-g7ug-764gty8jut5y,real,frontal,hat,male
9yuawnhu-9ush-6ayh-5shy-9iueg7yh2ian,fake,frontal,facemask,non-binary
7ythahgt-7yhs-8wus-7tyh-17yhstgy73ia,real,profile,none,female
9yuawnhu-9ush-6ayh-5shy-9iueg7yh2ian,fake,frontal,facemask,non-binary
7ythahgt-7yhs-8wus-7tyh-17yhstgy73ia,real,profile,none,female
9yuawnhu-9ush-6ayh-5shy-9iueg7yh2ian,fake,frontal,facemask,non-binary
78uhgty6-3ygh-8ytf-g7ug-764gty8jut5y,real,frontal,hat,male
78uhgty6-3ygh-8ytf-g7ug-764gty8jut5y,real,frontal,hat,male
78uhgty6-3ygh-8ytf-g7ug-764gty8jut5y,real,frontal,hat,male
9yuawnhu-9ush-6ayh-5shy-9iueg7yh2ian,fake,frontal,facemask,non-binary
7ythahgt-7yhs-8wus-7tyh-17yhstgy73ia,real,profile,none,female
9yuawnhu-9ush-6ayh-5shy-9iueg7yh2ian,fake,frontal,facemask,non-binary
78uhgty6-3ygh-8ytf-g7ug-764gty8jut5y,fake,frontal,hat,non-binary
7ythahgt-7yhs-8wus-7tyh-17yhstgy73ia,real,profile,none,female
9yuawnhu-9ush-6ayh-5shy-9iueg7yh2ian,fake,frontal,facemask,non-binary
7ythahgt-7yhs-8wus-7tyh-17yhstgy73ia,real,profile,none,male
7ythahgt-7yhs-8wus-7tyh-17yhstgy73ia,real,profile,none,female
7ythahgt-7yhs-8wus-7tyh-17yhstgy73ia,real,profile,none,female
7ythahgt-7yhs-8wus-7tyh-17yhstgy73ia,real,profile,none,female
9yuawnhu-9ush-6ayh-5shy-9iueg7yh2ian,fake,frontal,facemask,non-binary
7ythahgt-7yhs-8wus-7tyh-17yhstgy73ia,real,profile,none,female
7ythahgt-7yhs-8wus-7tyh-17yhstgy73ia,real,profile,none,female
78uhgty6-3ygh-8ytf-g7ug-764gty8jut5y,real,frontal,hat,male
9yuawnhu-9ush-6ayh-5shy-9iueg7yh2ian,fake,frontal,facemask,non-binary
78uhgty6-3ygh-8ytf-g7ug-764gty8jut5y,real,frontal,hat,male
78uhgty6-3ygh-8ytf-g7ug-764gty8jut5y,real,frontal,hat,male
9yuawnhu-9ush-6ayh-5shy-9iueg7yh2ian,fake,frontal,facemask,non-binary
9yuawnhu-9ush-6ayh-5shy-9iueg7yh2ian,fake,frontal,facemask,non-binary
9yuawnhu-9ush-6ayh-5shy-9iueg7yh2ian,real,frontal,facemask,non-binary
9yuawnhu-9ush-6ayh-5shy-9iueg7yh2ian,fake,frontal,facemask,non-binary
7ythahgt-7yhs-8wus-7tyh-17yhstgy73ia,real,profile,none,female
78uhgty6-3ygh-8ytf-g7ug-764gty8jut5y,real,frontal,hat,male
78uhgty6-3ygh-8ytf-g7ug-764gty8jut5y,real,frontal,hat,male
9yuawnhu-9ush-6ayh-5shy-9iueg7yh2ian,fake,frontal,facemask,non-binary
7ythahgt-7yhs-8wus-7tyh-17yhstgy73ia,real,profile,none,female
9yuawnhu-9ush-6ayh-5shy-9iueg7yh2ian,fake,frontal,facemask,non-binary
9yuawnhu-9ush-6ayh-5shy-9iueg7yh2ian,fake,frontal,facemask,non-binary
7ythahgt-7yhs-8wus-7tyh-17yhstgy73ia,real,profile,none,female
78uhgty6-3ygh-8ytf-g7ug-764gty8jut5y,real,frontal,hat,male
78uhgty6-3ygh-8ytf-g7ug-764gty8jut5y,real,frontal,hat,male
7ythahgt-7yhs-8wus-7tyh-17yhstgy73ia,real,profile,none,female
9yuawnhu-9ush-6ayh-5shy-9iueg7yh2ian,fake,frontal,facemask,non-binary
9yuawnhu-9ush-6ayh-5shy-9iueg7yh2ian,fake,frontal,facemask,non-binary
9yuawnhu-9ush-6ayh-5shy-9iueg7yh2ian,fake,frontal,facemask,non-binary
78uhgty6-3ygh-8ytf-g7ug-764gty8jut5y,real,frontal,hat,male
78uhgty6-3ygh-8ytf-g7ug-764gty8jut5y,real,frontal,facemask,male
78uhgty6-3ygh-8ytf-g7ug-764gty8jut5y,real,frontal,hat,male
7ythahgt-7yhs-8wus-7tyh-17yhstgy73ia,real,profile,none,female
78uhgty6-3ygh-8ytf-g7ug-764gty8jut5y,real,frontal,hat,male
7ythahgt-7yhs-8wus-7tyh-17yhstgy73ia,real,profile,none,female
78uhgty6-3ygh-8ytf-g7ug-764gty8jut5y,real,frontal,hat,male
78uhgty6-3ygh-8ytf-g7ug-764gty8jut5y,real,frontal,hat,male
7ythahgt-7yhs-8wus-7tyh-17yhstgy73ia,real,frontal,none,non-binary
7ythahgt-7yhs-8wus-7tyh-17yhstgy73ia,real,profile,none,female
7ythahgt-7yhs-8wus-7tyh-17yhstgy73ia,real,profile,none,female
78uhgty6-3ygh-8ytf-g7ug-764gty8jut5y,real,frontal,hat,male
78uhgty6-3ygh-8ytf-g7ug-764gty8jut5y,real,frontal,hat,male
9yuawnhu-9ush-6ayh-5shy-9iueg7yh2ian,fake,frontal,facemask,non-binary
78uhgty6-3ygh-8ytf-g7ug-764gty8jut5y,real,frontal,hat,non-binary
7ythahgt-7yhs-8wus-7tyh-17yhstgy73ia,real,profile,hat,male
9yuawnhu-9ush-6ayh-5shy-9iueg7yh2ian,fake,frontal,facemask,non-binary
7ythahgt-7yhs-8wus-7tyh-17yhstgy73ia,real,profile,none,female
78uhgty6-3ygh-8ytf-g7ug-764gty8jut5y,real,frontal,hat,male
78uhgty6-3ygh-8ytf-g7ug-764gty8jut5y,real,frontal,hat,male
9yuawnhu-9ush-6ayh-5shy-9iueg7yh2ian,fake,frontal,facemask,non-binary
7ythahgt-7yhs-8wus-7tyh-17yhstgy73ia,real,profile,none,female
7ythahgt-7yhs-8wus-7tyh-17yhstgy73ia,real,profile,none,female
9yuawnhu-9ush-6ayh-5shy-9iueg7yh2ian,fake,frontal,facemask,non-binary
9yuawnhu-9ush-6ayh-5shy-9iueg7yh2ian,fake,frontal,facemask,non-binary
9yuawnhu-9ush-6ayh-5shy-9iueg7yh2ian,fake,frontal,facemask,non-binary
78uhgty6-3ygh-8ytf-g7ug-764gty8jut5y,real,frontal,hat,male
9yuawnhu-9ush-6ayh-5shy-9iueg7yh2ian,fake,frontal,facemask,non-binary
78uhgty6-3ygh-8ytf-g7ug-764gty8jut5y,real,frontal,hat,male
7ythahgt-7yhs-8wus-7tyh-17yhstgy73ia,real,profile,hat,male
7ythahgt-7yhs-8wus-7tyh-17yhstgy73ia,real,profile,none,female
7ythahgt-7yhs-8wus-7tyh-17yhstgy73ia,real,profile,none,female
9yuawnhu-9ush-6ayh-5shy-9iueg7yh2ian,fake,frontal,facemask,non-binary
7ythahgt-7yhs-8wus-7tyh-17yhstgy73ia,real,profile,none,female
9yuawnhu-9ush-6ayh-5shy-9iueg7yh2ian,fake,frontal,facemask,non-binary
9yuawnhu-9ush-6ayh-5shy-9iueg7yh2ian,fake,frontal,facemask,non-binary
9yuawnhu-9ush-6ayh-5shy-9iueg7yh2ian,fake,frontal,facemask,non-binary
9yuawnhu-9ush-6ayh-5shy-9iueg7yh2ian,fake,frontal,facemask,non-binary
7ythahgt-7yhs-8wus-7tyh-17yhstgy73ia,real,frontal,none,male
78uhgty6-3ygh-8ytf-g7ug-764gty8jut5y,real,frontal,hat,male
7ythahgt-7yhs-8wus-7tyh-17yhstgy73ia,real,profile,none,female
7ythahgt-7yhs-8wus-7tyh-17yhstgy73ia,real,profile,hat,female
7ythahgt-7yhs-8wus-7tyh-17yhstgy73ia,real,profile,none,female
7ythahgt-7yhs-8wus-7tyh-17yhstgy73ia,real,profile,hat,female
78uhgty6-3ygh-8ytf-g7ug-764gty8jut5y,real,profile,hat,female
78uhgty6-3ygh-8ytf-g7ug-764gty8jut5y,real,frontal,hat,male
7ythahgt-7yhs-8wus-7tyh-17yhstgy73ia,real,profile,none,female
78uhgty6-3ygh-8ytf-g7ug-764gty8jut5y,real,frontal,hat,male
7ythahgt-7yhs-8wus-7tyh-17yhstgy73ia,real,profile,none,female
78uhgty6-3ygh-8ytf-g7ug-764gty8jut5y,real,frontal,hat,male
7ythahgt-7yhs-8wus-7tyh-17yhstgy73ia,real,profile,none,female
7ythahgt-7yhs-8wus-7tyh-17yhstgy73ia,real,profile,none,female
78uhgty6-3ygh-8ytf-g7ug-764gty8jut5y,real,frontal,hat,male
7ythahgt-7yhs-8wus-7tyh-17yhstgy73ia,real,profile,none,female
9yuawnhu-9ush-6ayh-5shy-9iueg7yh2ian,fake,frontal,facemask,non-binary
78uhgty6-3ygh-8ytf-g7ug-764gty8jut5y,real,frontal,hat,male
78uhgty6-3ygh-8ytf-g7ug-764gty8jut5y,real,frontal,hat,male
78uhgty6-3ygh-8ytf-g7ug-764gty8jut5y,real,frontal,hat,male
78uhgty6-3ygh-8ytf-g7ug-764gty8jut5y,real,frontal,hat,male
7ythahgt-7yhs-8wus-7tyh-17yhstgy73ia,real,profile,none,female
9yuawnhu-9ush-6ayh-5shy-9iueg7yh2ian,fake,frontal,facemask,non-binary
7ythahgt-7yhs-8wus-7tyh-17yhstgy73ia,real,profile,none,female
78uhgty6-3ygh-8ytf-g7ug-764gty8jut5y,real,frontal,hat,male
78uhgty6-3ygh-8ytf-g7ug-764gty8jut5y,real,frontal,hat,male
7ythahgt-7yhs-8wus-7tyh-17yhstgy73ia,real,profile,none,female
78uhgty6-3ygh-8ytf-g7ug-764gty8jut5y,real,frontal,hat,male
78uhgty6-3ygh-8ytf-g7ug-764gty8jut5y,real,frontal,hat,male
9yuawnhu-9ush-6ayh-5shy-9iueg7yh2ian,real,frontal,facemask,male
78uhgty6-3ygh-8ytf-g7ug-764gty8jut5y,real,frontal,hat,male
7ythahgt-7yhs-8wus-7tyh-17yhstgy73ia,real,profile,none,female
7ythahgt-7yhs-8wus-7tyh-17yhstgy73ia,real,profile,none,female
9yuawnhu-9ush-6ayh-5shy-9iueg7yh2ian,fake,frontal,facemask,non-binary
9yuawnhu-9ush-6ayh-5shy-9iueg7yh2ian,fake,frontal,facemask,male
78uhgty6-3ygh-8ytf-g7ug-764gty8jut5y,real,frontal,hat,male
9yuawnhu-9ush-6ayh-5shy-9iueg7yh2ian,fake,frontal,facemask,non-binary
7ythahgt-7yhs-8wus-7tyh-17yhstgy73ia,real,profile,none,female
9yuawnhu-9ush-6ayh-5shy-9iueg7yh2ian,fake,frontal,facemask,non-binary
7ythahgt-7yhs-8wus-7tyh-17yhstgy73ia,real,profile,none,female
78uhgty6-3ygh-8ytf-g7ug-764gty8jut5y,real,frontal,hat,male
7ythahgt-7yhs-8wus-7tyh-17yhstgy73ia,real,frontal,hat,male
78uhgty6-3ygh-8ytf-g7ug-764gty8jut5y,real,frontal,hat,male
9yuawnhu-9ush-6ayh-5shy-9iueg7yh2ian,real,frontal,hat,non-binary
9yuawnhu-9ush-6ayh-5shy-9iueg7yh2ian,fake,frontal,facemask,non-binary
78uhgty6-3ygh-8ytf-g7ug-764gty8jut5y,real,frontal,hat,male
9yuawnhu-9ush-6ayh-5shy-9iueg7yh2ian,fake,frontal,facemask,non-binary
78uhgty6-3ygh-8ytf-g7ug-764gty8jut5y,real,frontal,hat,female
78uhgty6-3ygh-8ytf-g7ug-764gty8jut5y,real,frontal,hat,male
7ythahgt-7yhs-8wus-7tyh-17yhstgy73ia,real,profile,none,female
9yuawnhu-9ush-6ayh-5shy-9iueg7yh2ian,fake,frontal,facemask,non-binary
7ythahgt-7yhs-8wus-7tyh-17yhstgy73ia,real,profile,none,female
7ythahgt-7yhs-8wus-7tyh-17yhstgy73ia,real,profile,none,female
9yuawnhu-9ush-6ayh-5shy-9iueg7yh2ian,fake,frontal,facemask,non-binary
7ythahgt-7yhs-8wus-7tyh-17yhstgy73ia,real,profile,none,female
9yuawnhu-9ush-6ayh-5shy-9iueg7yh2ian,fake,frontal,facemask,non-binary
78uhgty6-3ygh-8ytf-g7ug-764gty8jut5y,real,frontal,hat,male
78uhgty6-3ygh-8ytf-g7ug-764gty8jut5y,real,frontal,hat,male
9yuawnhu-9ush-6ayh-5shy-9iueg7yh2ian,fake,frontal,facemask,non-binary
9yuawnhu-9ush-6ayh-5shy-9iueg7yh2ian,fake,frontal,facemask,non-binary
9yuawnhu-9ush-6ayh-5shy-9iueg7yh2ian,fake,frontal,facemask,non-binary
7ythahgt-7yhs-8wus-7tyh-17yhstgy73ia,real,profile,none,female
78uhgty6-3ygh-8ytf-g7ug-764gty8jut5y,real,frontal,hat,male
78uhgty6-3ygh-8ytf-g7ug-764gty8jut5y,real,frontal,facemask,male
9yuawnhu-9ush-6ayh-5shy-9iueg7yh2ian,fake,frontal,facemask,non-binary
7ythahgt-7yhs-8wus-7tyh-17yhstgy73ia,real,profile,none,female
9yuawnhu-9ush-6ayh-5shy-9iueg7yh2ian,fake,frontal,facemask,non-binary
78uhgty6-3ygh-8ytf-g7ug-764gty8jut5y,real,frontal,hat,male
78uhgty6-3ygh-8ytf-g7ug-764gty8jut5y,real,frontal,hat,male
9yuawnhu-9ush-6ayh-5shy-9iueg7yh2ian,fake,frontal,facemask,non-binary
78uhgty6-3ygh-8ytf-g7ug-764gty8jut5y,real,frontal,hat,male
78uhgty6-3ygh-8ytf-g7ug-764gty8jut5y,real,frontal,hat,male
9yuawnhu-9ush-6ayh-5shy-9iueg7yh2ian,fake,frontal,facemask,non-binary
9yuawnhu-9ush-6ayh-5shy-9iueg7yh2ian,fake,frontal,facemask,non-binary
9yuawnhu-9ush-6ayh-5shy-9iueg7yh2ian,fake,frontal,facemask,non-binary
78uhgty6-3ygh-8ytf-g7ug-764gty8jut5y,real,profile,none,female
78uhgty6-3ygh-8ytf-g7ug-764gty8jut5y,real,frontal,hat,non-binary
78uhgty6-3ygh-8ytf-g7ug-764gty8jut5y,real,frontal,hat,male
9yuawnhu-9ush-6ayh-5shy-9iueg7yh2ian,fake,frontal,facemask,non-binary
7ythahgt-7yhs-8wus-7tyh-17yhstgy73ia,real,profile,none,female
9yuawnhu-9ush-6ayh-5shy-9iueg7yh2ian,fake,frontal,facemask,non-binary
9yuawnhu-9ush-6ayh-5shy-9iueg7yh2ian,fake,frontal,facemask,non-binary
7ythahgt-7yhs-8wus-7tyh-17yhstgy73ia,real,profile,none,female
9yuawnhu-9ush-6ayh-5shy-9iueg7yh2ian,fake,frontal,facemask,non-binary
78uhgty6-3ygh-8ytf-g7ug-764gty8jut5y,real,frontal,facemask,non-binary
9yuawnhu-9ush-6ayh-5shy-9iueg7yh2ian,fake,frontal,facemask,non-binary
7ythahgt-7yhs-8wus-7tyh-17yhstgy73ia,real,profile,none,female
78uhgty6-3ygh-8ytf-g7ug-764gty8jut5y,real,frontal,hat,male
9yuawnhu-9ush-6ayh-5shy-9iueg7yh2ian,fake,frontal,facemask,non-binary
78uhgty6-3ygh-8ytf-g7ug-764gty8jut5y,real,frontal,hat,male
9yuawnhu-9ush-6ayh-5shy-9iueg7yh2ian,fake,frontal,facemask,non-binary
9yuawnhu-9ush-6ayh-5shy-9iueg7yh2ian,fake,frontal,facemask,non-binary
7ythahgt-7yhs-8wus-7tyh-17yhstgy73ia,real,profile,none,female
9yuawnhu-9ush-6ayh-5shy-9iueg7yh2ian,fake,frontal,facemask,non-binary
9yuawnhu-9ush-6ayh-5shy-9iueg7yh2ian,fake,frontal,facemask,non-binary
9yuawnhu-9ush-6ayh-5shy-9iueg7yh2ian,fake,frontal,facemask,non-binary
7ythahgt-7yhs-8wus-7tyh-17yhstgy73ia,real,profile,none,female
78uhgty6-3ygh-8ytf-g7ug-764gty8jut5y,real,frontal,hat,male
7ythahgt-7yhs-8wus-7tyh-17yhstgy73ia,real,profile,none,female
9yuawnhu-9ush-6ayh-5shy-9iueg7yh2ian,fake,frontal,facemask,non-binary
9yuawnhu-9ush-6ayh-5shy-9iueg7yh2ian,fake,frontal,facemask,non-binary
78uhgty6-3ygh-8ytf-g7ug-764gty8jut5y,real,frontal,hat,non-binary
9yuawnhu-9ush-6ayh-5shy-9iueg7yh2ian,real,frontal,hat,non-binary
9yuawnhu-9ush-6ayh-5shy-9iueg7yh2ian,fake,frontal,facemask,non-binary
9yuawnhu-9ush-6ayh-5shy-9iueg7yh2ian,fake,frontal,facemask,non-binary
78uhgty6-3ygh-8ytf-g7ug-764gty8jut5y,real,frontal,hat,male
9yuawnhu-9ush-6ayh-5shy-9iueg7yh2ian,fake,frontal,facemask,non-binary
78uhgty6-3ygh-8ytf-g7ug-764gty8jut5y,real,frontal,hat,male
78uhgty6-3ygh-8ytf-g7ug-764gty8jut5y,real,frontal,hat,male
7ythahgt-7yhs-8wus-7tyh-17yhstgy73ia,real,profile,none,female
78uhgty6-3ygh-8ytf-g7ug-764gty8jut5y,real,frontal,hat,male
7ythahgt-7yhs-8wus-7tyh-17yhstgy73ia,real,profile,none,female
78uhgty6-3ygh-8ytf-g7ug-764gty8jut5y,real,frontal,hat,male
9yuawnhu-9ush-6ayh-5shy-9iueg7yh2ian,fake,frontal,facemask,non-binary
9yuawnhu-9ush-6ayh-5shy-9iueg7yh2ian,fake,frontal,facemask,non-binary
78uhgty6-3ygh-8ytf-g7ug-764gty8jut5y,real,frontal,hat,male
9yuawnhu-9ush-6ayh-5shy-9iueg7yh2ian,fake,frontal,facemask,non-binary
9yuawnhu-9ush-6ayh-5shy-9iueg7yh2ian,fake,frontal,facemask,non-binary
7ythahgt-7yhs-8wus-7tyh-17yhstgy73ia,real,profile,none,female
7ythahgt-7yhs-8wus-7tyh-17yhstgy73ia,real,profile,none,female
7ythahgt-7yhs-8wus-7tyh-17yhstgy73ia,real,profile,none,female
78uhgty6-3ygh-8ytf-g7ug-764gty8jut5y,real,frontal,hat,male
9yuawnhu-9ush-6ayh-5shy-9iueg7yh2ian,fake,frontal,facemask,non-binary
78uhgty6-3ygh-8ytf-g7ug-764gty8jut5y,real,frontal,hat,male
9yuawnhu-9ush-6ayh-5shy-9iueg7yh2ian,fake,frontal,facemask,non-binary
9yuawnhu-9ush-6ayh-5shy-9iueg7yh2ian,fake,frontal,facemask,non-binary
9yuawnhu-9ush-6ayh-5shy-9iueg7yh2ian,fake,frontal,facemask,non-binary
9yuawnhu-9ush-6ayh-5shy-9iueg7yh2ian,fake,frontal,facemask,non-binary
9yuawnhu-9ush-6ayh-5shy-9iueg7yh2ian,fake,frontal,facemask,non-binary
9yuawnhu-9ush-6ayh-5shy-9iueg7yh2ian,fake,frontal,facemask,non-binary
78uhgty6-3ygh-8ytf-g7ug-764gty8jut5y,real,frontal,hat,male
7ythahgt-7yhs-8wus-7tyh-17yhstgy73ia,real,profile,none,female
7ythahgt-7yhs-8wus-7tyh-17yhstgy73ia,real,profile,none,female
9yuawnhu-9ush-6ayh-5shy-9iueg7yh2ian,fake,frontal,facemask,non-binary
7ythahgt-7yhs-8wus-7tyh-17yhstgy73ia,real,profile,none,female
78uhgty6-3ygh-8ytf-g7ug-764gty8jut5y,real,frontal,hat,male
9yuawnhu-9ush-6ayh-5shy-9iueg7yh2ian,fake,frontal,facemask,non-binary
78uhgty6-3ygh-8ytf-g7ug-764gty8jut5y,real,frontal,hat,male
7ythahgt-7yhs-8wus-7tyh-17yhstgy73ia,real,profile,none,female
78uhgty6-3ygh-8ytf-g7ug-764gty8jut5y,real,frontal,hat,male
9yuawnhu-9ush-6ayh-5shy-9iueg7yh2ian,fake,frontal,facemask,non-binary
78uhgty6-3ygh-8ytf-g7ug-764gty8jut5y,real,frontal,hat,male
9yuawnhu-9ush-6ayh-5shy-9iueg7yh2ian,fake,frontal,facemask,non-binary
78uhgty6-3ygh-8ytf-g7ug-764gty8jut5y,real,frontal,hat,male
9yuawnhu-9ush-6ayh-5shy-9iueg7yh2ian,fake,frontal,facemask,non-binary
9yuawnhu-9ush-6ayh-5shy-9iueg7yh2ian,fake,frontal,facemask,non-binary
78uhgty6-3ygh-8ytf-g7ug-764gty8jut5y,real,frontal,hat,male
7ythahgt-7yhs-8wus-7tyh-17yhstgy73ia,real,profile,none,female
78uhgty6-3ygh-8ytf-g7ug-764gty8jut5y,real,frontal,hat,male
7ythahgt-7yhs-8wus-7tyh-17yhstgy73ia,real,profile,none,female
78uhgty6-3ygh-8ytf-g7ug-764gty8jut5y,real,frontal,hat,male
78uhgty6-3ygh-8ytf-g7ug-764gty8jut5y,real,frontal,hat,male
9yuawnhu-9ush-6ayh-5shy-9iueg7yh2ian,fake,frontal,facemask,non-binary
9yuawnhu-9ush-6ayh-5shy-9iueg7yh2ian,fake,frontal,facemask,non-binary
78uhgty6-3ygh-8ytf-g7ug-764gty8jut5y,real,profile,hat,female
7ythahgt-7yhs-8wus-7tyh-17yhstgy73ia,real,profile,none,female
78uhgty6-3ygh-8ytf-g7ug-764gty8jut5y,real,frontal,hat,male
7ythahgt-7yhs-8wus-7tyh-17yhstgy73ia,real,profile,none,female
78uhgty6-3ygh-8ytf-g7ug-764gty8jut5y,real,frontal,hat,male
78uhgty6-3ygh-8ytf-g7ug-764gty8jut5y,real,frontal,hat,male
9yuawnhu-9ush-6ayh-5shy-9iueg7yh2ian,real,frontal,hat,non-binary
9yuawnhu-9ush-6ayh-5shy-9iueg7yh2ian,fake,frontal,facemask,non-binary
9yuawnhu-9ush-6ayh-5shy-9iueg7yh2ian,fake,frontal,facemask,non-binary
78uhgty6-3ygh-8ytf-g7ug-764gty8jut5y,real,frontal,hat,male
7ythahgt-7yhs-8wus-7tyh-17yhstgy73ia,real,profile,hat,female
7ythahgt-7yhs-8wus-7tyh-17yhstgy73ia,real,profile,none,female
7ythahgt-7yhs-8wus-7tyh-17yhstgy73ia,real,profile,none,female
7ythahgt-7yhs-8wus-7tyh-17yhstgy73ia,real,profile,none,female
7ythahgt-7yhs-8wus-7tyh-17yhstgy73ia,real,profile,none,female
9yuawnhu-9ush-6ayh-5shy-9iueg7yh2ian,fake,frontal,facemask,non-binary
9yuawnhu-9ush-6ayh-5shy-9iueg7yh2ian,fake,frontal,facemask,non-binary
9yuawnhu-9ush-6ayh-5shy-9iueg7yh2ian,fake,frontal,facemask,non-binary
78uhgty6-3ygh-8ytf-g7ug-764gty8jut5y,real,frontal,hat,female
9yuawnhu-9ush-6ayh-5shy-9iueg7yh2ian,fake,frontal,facemask,non-binary
7ythahgt-7yhs-8wus-7tyh-17yhstgy73ia,real,profile,none,female
7ythahgt-7yhs-8wus-7tyh-17yhstgy73ia,real,profile,none,female
9yuawnhu-9ush-6ayh-5shy-9iueg7yh2ian,fake,frontal,facemask,non-binary
78uhgty6-3ygh-8ytf-g7ug-764gty8jut5y,real,frontal,hat,male
78uhgty6-3ygh-8ytf-g7ug-764gty8jut5y,real,frontal,hat,male
7ythahgt-7yhs-8wus-7tyh-17yhstgy73ia,real,profile,none,female
7ythahgt-7yhs-8wus-7tyh-17yhstgy73ia,real,profile,none,female
78uhgty6-3ygh-8ytf-g7ug-764gty8jut5y,real,frontal,hat,female
9yuawnhu-9ush-6ayh-5shy-9iueg7yh2ian,fake,frontal,facemask,non-binary
9yuawnhu-9ush-6ayh-5shy-9iueg7yh2ian,real,frontal,facemask,non-binary
7ythahgt-7yhs-8wus-7tyh-17yhstgy73ia,real,profile,none,female
78uhgty6-3ygh-8ytf-g7ug-764gty8jut5y,real,frontal,hat,male
7ythahgt-7yhs-8wus-7tyh-17yhstgy73ia,real,profile,none,female
7ythahgt-7yhs-8wus-7tyh-17yhstgy73ia,real,profile,none,female
78uhgty6-3ygh-8ytf-g7ug-764gty8jut5y,real,frontal,hat,male
78uhgty6-3ygh-8ytf-g7ug-764gty8jut5y,real,frontal,hat,male
9yuawnhu-9ush-6ayh-5shy-9iueg7yh2ian,fake,frontal,facemask,non-binary
78uhgty6-3ygh-8ytf-g7ug-764gty8jut5y,real,frontal,hat,male
9yuawnhu-9ush-6ayh-5shy-9iueg7yh2ian,fake,frontal,facemask,non-binary
7ythahgt-7yhs-8wus-7tyh-17yhstgy73ia,real,profile,none,female
9yuawnhu-9ush-6ayh-5shy-9iueg7yh2ian,fake,frontal,facemask,non-binary
9yuawnhu-9ush-6ayh-5shy-9iueg7yh2ian,fake,frontal,facemask,non-binary
9yuawnhu-9ush-6ayh-5shy-9iueg7yh2ian,fake,frontal,facemask,non-binary
78uhgty6-3ygh-8ytf-g7ug-764gty8jut5y,real,frontal,hat,male
78uhgty6-3ygh-8ytf-g7ug-764gty8jut5y,real,frontal,hat,male
78uhgty6-3ygh-8ytf-g7ug-764gty8jut5y,real,frontal,hat,male
7ythahgt-7yhs-8wus-7tyh-17yhstgy73ia,real,profile,none,female
78uhgty6-3ygh-8ytf-g7ug-764gty8jut5y,real,frontal,hat,male
78uhgty6-3ygh-8ytf-g7ug-764gty8jut5y,real,profile,hat,male
7ythahgt-7yhs-8wus-7tyh-17yhstgy73ia,real,profile,none,female
7ythahgt-7yhs-8wus-7tyh-17yhstgy73ia,real,profile,none,female
78uhgty6-3ygh-8ytf-g7ug-764gty8jut5y,real,frontal,hat,male
78uhgty6-3ygh-8ytf-g7ug-764gty8jut5y,real,frontal,hat,male
9yuawnhu-9ush-6ayh-5shy-9iueg7yh2ian,fake,frontal,facemask,non-binary
7ythahgt-7yhs-8wus-7tyh-17yhstgy73ia,real,profile,none,female
78uhgty6-3ygh-8ytf-g7ug-764gty8jut5y,real,frontal,hat,male
9yuawnhu-9ush-6ayh-5shy-9iueg7yh2ian,fake,frontal,facemask,non-binary
9yuawnhu-9ush-6ayh-5shy-9iueg7yh2ian,fake,frontal,facemask,non-binary
7ythahgt-7yhs-8wus-7tyh-17yhstgy73ia,real,profile,none,female
7ythahgt-7yhs-8wus-7tyh-17yhstgy73ia,real,profile,none,female
78uhgty6-3ygh-8ytf-g7ug-764gty8jut5y,real,frontal,hat,male
7ythahgt-7yhs-8wus-7tyh-17yhstgy73ia,real,profile,none,female
7ythahgt-7yhs-8wus-7tyh-17yhstgy73ia,real,frontal,none,female
7ythahgt-7yhs-8wus-7tyh-17yhstgy73ia,real,profile,none,female
9yuawnhu-9ush-6ayh-5shy-9iueg7yh2ian,fake,frontal,facemask,non-binary
7ythahgt-7yhs-8wus-7tyh-17yhstgy73ia,real,profile,none,female
9yuawnhu-9ush-6ayh-5shy-9iueg7yh2ian,fake,frontal,facemask,non-binary
7ythahgt-7yhs-8wus-7tyh-17yhstgy73ia,real,profile,none,female
7ythahgt-7yhs-8wus-7tyh-17yhstgy73ia,real,profile,none,female
7ythahgt-7yhs-8wus-7tyh-17yhstgy73ia,real,frontal,hat,female
9yuawnhu-9ush-6ayh-5shy-9iueg7yh2ian,fake,frontal,facemask,non-binary
9yuawnhu-9ush-6ayh-5shy-9iueg7yh2ian,fake,frontal,facemask,non-binary
7ythahgt-7yhs-8wus-7tyh-17yhstgy73ia,real,profile,none,female
7ythahgt-7yhs-8wus-7tyh-17yhstgy73ia,real,profile,none,female
78uhgty6-3ygh-8ytf-g7ug-764gty8jut5y,real,frontal,hat,male
7ythahgt-7yhs-8wus-7tyh-17yhstgy73ia,real,profile,hat,female
78uhgty6-3ygh-8ytf-g7ug-764gty8jut5y,fake,frontal,hat,male
78uhgty6-3ygh-8ytf-g7ug-764gty8jut5y,real,frontal,hat,male
78uhgty6-3ygh-8ytf-g7ug-764gty8jut5y,real,frontal,hat,male
7ythahgt-7yhs-8wus-7tyh-17yhstgy73ia,real,profile,none,female
7ythahgt-7yhs-8wus-7tyh-17yhstgy73ia,real,profile,none,female
9yuawnhu-9ush-6ayh-5shy-9iueg7yh2ian,fake,frontal,facemask,non-binary
7ythahgt-7yhs-8wus-7tyh-17yhstgy73ia,real,frontal,none,male
9yuawnhu-9ush-6ayh-5shy-9iueg7yh2ian,fake,frontal,facemask,non-binary
7ythahgt-7yhs-8wus-7tyh-17yhstgy73ia,real,profile,none,female
9yuawnhu-9ush-6ayh-5shy-9iueg7yh2ian,fake,frontal,facemask,male
9yuawnhu-9ush-6ayh-5shy-9iueg7yh2ian,fake,frontal,facemask,non-binary
78uhgty6-3ygh-8ytf-g7ug-764gty8jut5y,real,frontal,hat,male
7ythahgt-7yhs-8wus-7tyh-17yhstgy73ia,real,profile,none,female
9yuawnhu-9ush-6ayh-5shy-9iueg7yh2ian,fake,frontal,facemask,non-binary